工件号： 3.7-fucha1-1
检测时间： 2017/3/26 21:11:23
扫查距离： 3000 管道外径： 508 管道壁厚： 10 管道埋深： 1500 判断长度： 3 去除长度： 200
0,0.0,0.0,0.0,0.0,0.0,-22952.7,19356.8,37703.5,-22283.6,18408.1,31976.3,-19000.6,29646.1,32896.3,-25910.5,18378.0,30270.6
1,3628.2,1705.2,30.0,-4806.1,10288.6,-22952.7,19356.9,37701.5,-22282.4,18406.6,31974.8,-19001.2,29645.5,32895.4,-25910.7,18376.6,30269.5
2,3626.8,1705.1,29.9,-4807.4,10288.1,-22953.2,19356.2,37702.2,-22283.9,18407.1,31974.6,-19000.8,29644.3,32894.8,-25910.7,18377.1,30269.4
3,3628.4,1705.1,28.6,-4805.9,10286.6,-22953.0,19357.8,37700.9,-22282.6,18406.8,31974.1,-19001.4,29644.4,32895.0,-25911.0,18378.2,30269.0
4,3626.8,1705.1,31.6,-4807.5,10287.8,-22953.0,19356.5,37702.2,-22283.7,18407.3,31974.3,-19000.3,29644.3,32894.7,-25910.5,18375.7,30269.2
5,3628.3,1705.2,32.1,-4806.5,10286.6,-22952.7,19358.3,37701.7,-22282.4,18407.6,31974.6,-19000.8,29644.9,32895.2,-25910.7,18375.4,30269.3
6,3627.0,1705.4,31.3,-4807.7,10287.8,-22953.1,19356.6,37702.6,-22283.8,18407.9,31974.9,-19000.4,29644.4,32894.9,-25910.8,18376.6,30269.4
7,3628.3,1705.9,32.8,-4807.1,10287.3,-22952.6,19357.4,37702.2,-22282.9,18407.7,31974.8,-19001.2,29644.7,32895.2,-25911.2,18374.9,30269.0
8,3626.6,1706.4,34.0,-4809.0,10288.3,-22952.7,19356.8,37704.6,-22284.5,18408.7,31976.1,-19000.9,29645.1,32895.5,-25911.1,18374.8,30269.7
9,3628.2,1705.4,31.1,-4806.2,10288.6,-22952.8,19357.3,37702.1,-22282.8,18407.9,31975.1,-19001.4,29645.9,32895.9,-25911.0,18376.8,30269.7
10,3626.9,1705.1,30.9,-4807.7,10288.8,-22953.0,19356.3,37702.8,-22283.7,18407.5,31974.7,-19000.4,29645.1,32895.1,-25910.6,18376.6,30269.5
11,3628.2,1705.2,32.1,-4806.2,10287.8,-22952.9,19358.4,37702.1,-22282.8,18408.0,31975.2,-19001.4,29646.2,32895.9,-25911.0,18375.9,30270.0
12,3626.7,1705.5,32.6,-4807.7,10287.9,-22952.8,19357.9,37703.6,-22283.9,18408.4,31975.8,-19000.8,29645.7,32895.9,-25910.7,18375.8,30270.3
13,3628.2,1705.6,33.1,-4805.7,10286.7,-22952.8,19358.8,37702.0,-22282.7,18407.4,31975.4,-19001.6,29645.5,32896.3,-25911.0,18374.3,30269.8
14,3626.8,1705.6,33.5,-4807.4,10288.8,-22952.9,19356.6,37703.1,-22283.9,18407.6,31975.5,-19000.6,29645.4,32895.7,-25910.7,18374.1,30269.9
15,3628.1,1705.9,32.6,-4807.1,10288.8,-22952.8,19357.3,37703.3,-22283.1,18407.9,31975.8,-19001.5,29646.1,32896.2,-25911.2,18375.3,30269.9
16,3626.8,1706.0,32.5,-4809.3,10288.9,-22952.2,19356.8,37705.1,-22283.9,18408.6,31976.2,-19000.5,29645.7,32895.9,-25910.7,18376.0,30270.2
17,3628.5,1705.0,32.2,-4806.5,10288.5,-22952.0,19357.2,37702.3,-22281.7,18407.5,31975.0,-19000.4,29645.7,32895.8,-25910.1,18375.3,30270.0
18,3627.0,1704.6,30.7,-4807.4,10290.0,-22952.0,19355.4,37703.0,-22282.5,18407.5,31974.9,-18999.4,29645.4,32895.6,-25909.4,18376.8,30270.3
19,3628.2,1705.0,31.6,-4806.0,10287.8,-22952.0,19358.5,37702.6,-22281.7,18408.0,31975.4,-19000.5,29646.3,32896.7,-25909.9,18376.4,30270.4
20,3626.6,1705.3,31.4,-4807.3,10288.5,-22951.9,19357.4,37704.0,-22282.9,18407.8,31976.1,-18999.6,29646.0,32896.7,-25909.5,18376.3,30270.8
21,3628.1,1705.7,31.1,-4806.5,10288.3,-22951.3,19358.7,37704.2,-22281.8,18407.6,31976.7,-19000.3,29647.0,32897.7,-25909.9,18376.5,30271.1
22,3626.6,1705.6,29.9,-4808.8,10288.1,-22951.5,19357.8,37705.2,-22283.1,18407.9,31976.3,-18999.5,29645.9,32896.4,-25909.7,18378.1,30270.7
23,3628.3,1705.0,28.8,-4805.8,10288.0,-22951.8,19358.4,37702.5,-22281.4,18407.7,31975.4,-19000.0,29646.4,32896.7,-25909.7,18378.9,30270.4
24,3626.6,1704.9,29.7,-4807.2,10289.0,-22951.7,19357.2,37703.8,-22282.7,18408.1,31975.9,-18999.3,29646.2,32896.7,-25909.3,18378.4,30271.0
25,3628.1,1704.9,30.0,-4805.4,10287.7,-22951.5,19358.8,37702.5,-22281.4,18407.6,31975.7,-18999.9,29646.5,32897.1,-25909.5,18377.6,30270.8
26,3626.5,1705.2,29.7,-4806.6,10287.9,-22951.9,19358.2,37703.6,-22283.0,18408.0,31976.1,-18999.4,29646.1,32896.9,-25909.4,18378.3,30270.9
27,3628.2,1705.0,30.1,-4805.8,10287.0,-22951.9,19359.2,37702.4,-22281.7,18407.7,31975.5,-19000.2,29646.1,32896.6,-25909.9,18377.6,30270.4
28,3627.0,1705.1,31.2,-4807.1,10288.3,-22952.6,19358.1,37703.7,-22283.1,18408.7,31976.1,-19000.1,29646.3,32896.6,-25910.1,18377.5,30271.0
29,3628.5,1704.9,30.7,-4805.7,10288.5,-22952.5,19357.9,37702.4,-22281.8,18408.5,31975.4,-19000.5,29646.4,32896.7,-25910.3,18377.7,30270.5
30,3626.9,1704.8,30.2,-4807.6,10288.5,-22952.7,19356.2,37702.2,-22283.3,18407.2,31974.1,-19000.0,29644.7,32894.6,-25910.2,18376.9,30269.3
31,3628.4,1705.1,30.2,-4806.1,10287.2,-22952.6,19358.2,37701.2,-22282.2,18407.0,31974.1,-19000.9,29645.4,32895.1,-25910.6,18376.8,30269.1
32,3626.9,1705.5,30.5,-4808.1,10288.6,-22952.4,19356.8,37703.6,-22283.5,18407.9,31975.1,-18999.8,29645.4,32895.6,-25910.3,18377.3,30269.6
33,3628.4,1705.9,30.8,-4807.0,10287.5,-22952.5,19358.5,37704.0,-22282.5,18408.4,31975.9,-19000.7,29646.0,32897.0,-25911.0,18377.6,30270.0
34,3626.9,1705.2,30.9,-4806.6,10288.7,-22953.4,19356.8,37703.4,-22283.9,18408.4,31975.9,-19000.4,29645.5,32896.9,-25910.7,18377.5,30270.7
35,3628.2,1705.4,28.8,-4805.3,10288.2,-22953.1,19358.0,37702.3,-22282.6,18408.0,31975.6,-19001.1,29646.2,32897.0,-25910.7,18379.2,30270.3
36,3626.6,1705.4,28.2,-4807.2,10288.9,-22953.0,19356.9,37703.4,-22283.6,18407.4,31975.6,-19000.2,29645.7,32896.2,-25910.2,18379.2,30270.2
37,3628.2,1705.2,29.3,-4805.6,10288.4,-22952.7,19357.8,37702.4,-22282.3,18407.2,31975.3,-19000.8,29646.1,32896.8,-25910.5,18377.9,30270.0
38,3626.8,1705.1,29.7,-4806.8,10289.1,-22952.8,19356.8,37703.3,-22283.5,18407.7,31975.5,-19000.1,29645.9,32896.5,-25910.3,18378.0,30270.4
39,3627.9,1705.4,29.6,-4805.7,10287.1,-22952.9,19359.4,37702.6,-22283.0,18407.7,31975.6,-19001.6,29646.5,32896.9,-25910.9,18378.1,30270.3
40,3626.4,1705.5,30.3,-4807.0,10287.8,-22953.2,19357.8,37703.6,-22284.3,18408.3,31976.0,-19001.1,29645.6,32896.7,-25910.7,18378.0,30270.5
41,3628.1,1705.3,31.3,-4805.4,10287.9,-22952.7,19358.1,37702.3,-22282.4,18408.0,31975.5,-19001.0,29646.0,32896.9,-25910.5,18376.6,30270.1
42,3626.5,1705.4,32.0,-4806.9,10288.9,-22952.3,19356.3,37702.6,-22283.0,18407.5,31975.1,-18999.6,29645.2,32895.8,-25909.6,18375.5,30269.7
43,3627.9,1705.3,28.9,-4805.7,10288.7,-22952.0,19357.2,37701.9,-22281.8,18407.5,31975.0,-19000.4,29645.9,32896.2,-25909.8,18378.6,30269.6
44,3626.6,1705.3,29.7,-4806.9,10290.3,-22951.9,19355.4,37702.8,-22282.5,18407.9,31975.2,-18999.4,29645.7,32895.8,-25909.1,18378.2,30270.0
45,3628.0,1705.0,30.2,-4805.5,10288.9,-22951.5,19357.4,37701.8,-22281.0,18407.9,31975.0,-18999.8,29646.3,32896.4,-25909.1,18377.7,30270.0
46,3626.6,1705.2,31.2,-4807.3,10289.1,-22951.6,19356.4,37702.9,-22282.2,18407.9,31975.1,-18999.1,29645.4,32895.7,-25908.8,18376.7,30270.0
47,3627.5,1706.1,32.6,-4806.4,10287.4,-22952.4,19357.6,37702.5,-22282.9,18407.9,31975.4,-19001.5,29645.0,32896.1,-25910.4,18375.3,30269.3
48,3626.0,1706.2,32.5,-4808.2,10287.6,-22953.5,19356.5,37703.8,-22285.5,18407.3,31975.0,-19001.7,29644.1,32895.6,-25911.5,18374.8,30268.9
49,3628.0,1705.7,30.8,-4805.8,10288.2,-22952.8,19358.0,37703.7,-22283.2,18407.7,31975.8,-19001.2,29646.2,32897.9,-25911.2,18377.0,30270.2
50,3626.8,1705.9,31.7,-4807.2,10288.8,-22951.6,19358.0,37706.0,-22283.0,18409.2,31977.2,-18999.2,29646.8,32898.8,-25909.8,18377.5,30271.3
51,3628.3,1704.8,30.0,-4807.4,10288.7,-22952.4,19358.2,37702.7,-22282.0,18407.9,31975.6,-19002.3,29646.9,32895.3,-25910.2,18377.9,30270.8
52,3626.4,1703.3,29.7,-4812.4,10289.2,-22952.6,19356.2,37702.1,-22283.2,18406.4,31973.1,-19002.6,29645.3,32889.6,-25909.6,18376.7,30269.8
53,3627.6,1703.3,30.3,-4807.7,10287.6,-22951.1,19357.0,37700.5,-22280.7,18406.0,31972.1,-18999.2,29644.7,32892.8,-25908.3,18375.7,30268.7
54,3623.9,1701.3,30.4,-4813.2,10287.6,-22951.2,19354.9,37700.9,-22284.0,18404.7,31969.2,-18996.5,29642.5,32887.7,-25907.9,18374.3,30267.8
55,3624.3,1699.8,28.2,-4816.7,10287.8,-22952.5,19355.1,37700.1,-22285.4,18403.8,31967.9,-18999.2,29643.0,32883.4,-25909.7,18375.6,30268.1
56,3623.5,1700.6,28.5,-4816.1,10288.6,-22952.8,19354.9,37701.9,-22286.1,18404.7,31969.6,-18998.5,29643.5,32885.7,-25909.7,18376.2,30269.0
57,3624.6,1701.4,28.3,-4810.5,10288.1,-22952.1,19356.1,37701.3,-22284.6,18405.2,31970.7,-18997.5,29644.3,32890.8,-25909.3,18376.9,30269.3
58,3620.7,1702.9,28.3,-4806.8,10289.1,-22952.0,19354.9,37702.5,-22287.5,18406.0,31972.5,-18995.3,29644.0,32895.7,-25908.2,18377.7,30269.6
59,3620.2,1704.3,28.6,-4799.3,10287.3,-22952.6,19358.2,37702.3,-22288.6,18406.6,31974.9,-18995.7,29645.5,32903.1,-25908.8,18378.0,30270.5
60,3618.6,1704.9,29.1,-4798.8,10288.3,-22952.7,19356.5,37703.2,-22289.8,18406.0,31975.2,-18993.9,29644.8,32904.4,-25908.3,18376.8,30270.3
61,3619.9,1704.7,28.1,-4800.3,10288.1,-22952.2,19357.4,37702.6,-22288.5,18405.8,31974.8,-18995.2,29645.5,32902.4,-25908.4,18377.6,30270.1
62,3618.9,1704.2,28.4,-4804.8,10288.8,-22952.8,19356.2,37703.2,-22289.8,18405.8,31974.3,-18996.7,29645.0,32898.4,-25908.6,18377.4,30270.1
63,3620.4,1704.3,28.3,-4808.1,10288.0,-22953.2,19357.0,37701.6,-22289.1,18405.3,31973.5,-19000.2,29645.0,32893.5,-25909.5,18377.0,30269.2
64,3619.1,1704.8,27.9,-4811.9,10289.1,-22952.6,19355.5,37702.8,-22289.5,18405.5,31974.1,-19000.0,29644.6,32890.9,-25908.6,18377.6,30269.3
65,3620.7,1705.0,26.3,-4812.2,10287.7,-22951.6,19357.2,37702.1,-22287.4,18405.6,31974.3,-19000.5,29644.9,32889.9,-25908.1,18379.3,30269.3
66,3619.6,1705.0,27.4,-4814.6,10288.0,-22952.1,19356.5,37702.8,-22288.7,18406.0,31974.4,-19000.5,29644.5,32888.2,-25908.3,18378.6,30269.4
67,3621.9,1705.0,27.5,-4813.3,10286.7,-22952.4,19358.2,37701.7,-22287.3,18405.7,31974.3,-19002.4,29644.9,32888.4,-25909.1,18378.2,30269.2
68,3621.9,1705.3,26.1,-4813.8,10287.2,-22952.3,19357.7,37702.6,-22286.7,18406.2,31974.8,-19001.4,29644.9,32888.8,-25908.5,18380.1,30269.6
69,3624.7,1705.3,27.4,-4811.7,10287.5,-22952.0,19358.6,37701.8,-22284.3,18406.6,31975.1,-19002.2,29646.0,32890.1,-25909.0,18379.2,30269.8
70,3624.3,1705.7,29.7,-4812.0,10288.0,-22951.9,19357.8,37702.9,-22284.4,18407.0,31976.0,-19001.6,29645.8,32890.9,-25908.8,18377.3,30270.3
71,3626.6,1706.2,31.5,-4809.5,10286.9,-22951.8,19359.6,37701.8,-22282.6,18407.3,31976.3,-19002.9,29646.5,32892.2,-25909.2,18375.8,30270.1
72,3625.6,1706.5,31.3,-4810.1,10288.9,-22952.1,19358.6,37703.6,-22283.5,18408.2,31977.7,-19002.9,29647.4,32893.5,-25909.2,18376.9,30271.2
73,3627.4,1706.4,29.0,-4809.4,10287.3,-22951.8,19360.3,37702.9,-22282.0,18407.6,31977.6,-19003.5,29647.6,32893.5,-25909.4,18378.6,30271.2
74,3626.0,1706.2,29.7,-4811.0,10287.6,-22952.0,19358.1,37702.9,-22282.8,18406.9,31976.5,-19002.0,29645.7,32891.8,-25908.8,18377.2,30270.3
75,3627.3,1706.7,30.6,-4808.6,10286.5,-22951.9,19359.7,37702.7,-22282.1,18407.4,31976.9,-19002.8,29646.2,32894.1,-25909.5,18376.8,30270.1
76,3624.5,1705.4,29.1,-4810.7,10287.6,-22952.1,19357.8,37704.5,-22284.9,18406.9,31975.7,-19000.5,29645.4,32893.8,-25909.4,18377.9,30270.3
77,3625.1,1703.5,26.4,-4809.3,10287.8,-22952.6,19357.5,37701.5,-22284.4,18405.0,31973.1,-19000.1,29645.3,32892.3,-25909.5,18378.6,30269.5
78,3624.4,1703.5,24.3,-4811.3,10288.2,-22952.3,19356.4,37701.8,-22284.7,18404.7,31972.6,-18999.3,29644.6,32890.5,-25909.1,18380.4,30269.1
79,3625.7,1703.0,24.3,-4812.1,10286.7,-22952.8,19357.4,37700.0,-22284.5,18403.9,31971.1,-19001.1,29644.2,32887.9,-25910.1,18379.6,30268.1
80,3623.8,1702.8,27.6,-4813.8,10287.4,-22953.4,19355.3,37700.3,-22286.4,18403.9,31970.4,-19000.2,29642.8,32886.6,-25910.2,18376.3,30267.5
81,3625.3,1703.5,28.7,-4812.4,10287.4,-22952.2,19356.2,37700.4,-22284.3,18404.5,31970.9,-18999.9,29643.6,32888.0,-25909.6,18375.7,30267.4
82,3624.1,1704.1,29.6,-4813.6,10287.7,-22952.2,19355.6,37702.0,-22285.5,18405.1,31971.6,-18999.6,29643.3,32888.4,-25909.5,18375.6,30267.5
83,3626.0,1703.3,28.9,-4809.2,10286.9,-22953.2,19356.9,37699.6,-22284.4,18404.6,31971.2,-19000.9,29643.7,32890.4,-25910.4,18375.6,30267.9
84,3625.6,1703.1,29.4,-4810.0,10288.4,-22951.8,19356.3,37702.3,-22283.0,18405.7,31972.9,-18998.2,29644.7,32892.3,-25908.7,18376.2,30269.8
85,3627.1,1702.7,28.4,-4807.8,10288.4,-22950.6,19357.9,37702.4,-22280.9,18406.1,31973.3,-18997.0,29646.2,32894.5,-25908.0,18377.7,30270.6
86,3625.2,1702.5,28.5,-4808.1,10288.6,-22951.7,19356.8,37703.7,-22284.0,18406.4,31973.2,-18996.7,29645.4,32895.6,-25909.2,18377.9,30270.7
87,3627.3,1703.4,29.0,-4803.3,10286.8,-22951.9,19358.9,37702.6,-22282.7,18406.5,31974.0,-18998.1,29645.8,32899.3,-25910.0,18377.5,30270.6
88,3626.7,1703.7,29.3,-4802.8,10288.1,-22950.3,19359.3,37704.8,-22281.3,18408.4,31976.2,-18995.6,29647.3,32902.0,-25907.9,18379.1,30272.5
89,3628.4,1703.9,29.1,-4801.9,10288.7,-22948.9,19360.9,37705.3,-22278.7,18409.8,31977.6,-18995.6,29649.6,32903.4,-25907.1,18380.7,30273.6
90,3627.0,1703.8,30.5,-4804.4,10288.9,-22950.0,19359.5,37705.9,-22280.9,18409.3,31977.1,-18996.7,29648.4,32901.5,-25908.0,18378.8,30273.3
91,3628.3,1704.3,32.4,-4803.9,10288.1,-22951.0,19360.0,37705.0,-22281.6,18409.4,31976.9,-18999.3,29648.0,32901.2,-25909.8,18376.9,30272.6
92,3626.8,1704.8,31.4,-4805.6,10289.0,-22951.4,19358.7,37706.6,-22283.3,18409.3,31977.3,-18998.9,29647.7,32901.0,-25910.0,18377.9,30272.5
93,3628.5,1704.8,29.5,-4803.3,10288.0,-22952.1,19359.5,37704.6,-22282.3,18408.3,31976.7,-19000.0,29647.5,32901.3,-25910.8,18378.7,30271.9
94,3626.6,1705.4,31.1,-4804.5,10287.7,-22952.4,19358.4,37705.5,-22284.0,18408.4,31976.5,-18999.3,29646.1,32901.0,-25910.7,18377.2,30271.1
95,3627.9,1704.9,29.0,-4800.9,10286.5,-22952.5,19358.9,37702.1,-22282.7,18407.3,31974.7,-18999.7,29645.3,32901.1,-25910.6,18378.3,30269.8
96,3626.4,1704.8,28.5,-4801.3,10287.3,-22952.5,19356.9,37702.1,-22283.7,18406.7,31974.1,-18998.2,29644.2,32900.7,-25910.1,18378.2,30269.3
97,3628.1,1704.8,28.2,-4800.1,10286.3,-22951.7,19358.4,37700.7,-22281.5,18406.2,31973.7,-18998.1,29644.7,32900.6,-25909.6,18378.0,30268.9
98,3626.2,1705.2,29.4,-4803.3,10287.7,-22952.1,19357.3,37703.5,-22283.7,18407.8,31974.9,-18998.5,29645.0,32900.2,-25909.9,18378.4,30269.7
99,3627.0,1705.5,29.2,-4806.0,10286.0,-22952.6,19359.9,37703.5,-22284.4,18408.0,31975.1,-19002.3,29645.8,32897.5,-25911.4,18378.7,30269.6
100,3625.6,1704.6,28.6,-4807.9,10287.5,-22952.7,19357.4,37702.6,-22284.9,18406.9,31973.9,-19001.9,29644.8,32894.7,-25910.5,18378.3,30269.3
101,3627.1,1704.4,28.7,-4805.5,10287.2,-22952.8,19357.6,37701.3,-22283.9,18405.8,31973.4,-19002.6,29644.7,32895.8,-25911.0,18377.1,30269.0
102,3625.4,1704.9,29.5,-4805.4,10287.8,-22952.0,19357.4,37704.1,-22284.5,18406.5,31974.8,-19000.0,29645.2,32898.7,-25909.8,18377.0,30269.9
103,3626.0,1706.2,30.6,-4800.3,10286.4,-22950.9,19359.8,37703.9,-22283.0,18407.4,31976.0,-18999.1,29646.2,32903.6,-25909.0,18376.8,30269.8
104,3623.8,1706.5,32.3,-4796.0,10287.0,-22951.2,19357.8,37702.8,-22284.5,18406.6,31976.0,-18997.4,29644.9,32906.8,-25908.3,18374.3,30269.5
105,3625.1,1706.4,31.9,-4794.8,10286.9,-22950.3,19358.3,37701.9,-22282.7,18406.5,31975.8,-18997.4,29645.1,32907.1,-25907.8,18374.6,30269.4
106,3623.7,1706.4,29.9,-4796.5,10288.4,-22950.1,19356.9,37702.9,-22283.2,18406.8,31976.4,-18996.3,29645.2,32906.4,-25906.9,18376.9,30269.9
107,3625.1,1706.3,28.8,-4794.0,10286.9,-22952.0,19358.4,37701.7,-22284.2,18406.8,31976.1,-18998.6,29645.3,32907.8,-25909.3,18378.0,30269.8
108,3623.6,1706.0,29.9,-4796.7,10288.1,-22952.6,19358.2,37703.7,-22286.0,18407.6,31976.9,-18998.6,29646.3,32907.0,-25909.6,18377.7,30270.9
109,3625.3,1705.9,29.4,-4798.8,10287.8,-22951.2,19360.0,37703.6,-22283.8,18408.2,31977.5,-18999.7,29647.8,32904.8,-25909.1,18378.8,30271.6
110,3624.1,1705.6,30.5,-4803.5,10288.3,-22951.7,19358.1,37703.9,-22285.1,18407.7,31977.0,-19000.9,29646.4,32900.4,-25909.2,18377.1,30271.4
111,3625.6,1705.9,29.5,-4801.9,10288.0,-22952.5,19359.3,37703.4,-22285.2,18407.7,31977.5,-19003.8,29647.2,32901.4,-25910.8,18378.3,30271.7
112,3624.6,1705.9,29.4,-4803.4,10288.3,-22953.5,19357.8,37703.3,-22287.0,18407.5,31976.7,-19004.1,29646.1,32899.9,-25911.5,18378.1,30270.8
113,3626.4,1705.1,28.2,-4804.7,10286.9,-22954.0,19358.8,37701.5,-22286.0,18406.6,31975.2,-19005.5,29645.7,32896.9,-25912.4,18378.4,30270.0
114,3624.8,1703.5,27.2,-4810.8,10287.8,-22954.2,19357.6,37703.3,-22287.4,18406.7,31974.0,-19004.8,29645.4,32892.5,-25912.2,18379.5,30270.5
115,3625.8,1702.2,27.7,-4812.7,10288.2,-22954.3,19357.8,37702.4,-22286.9,18406.4,31972.6,-19005.9,29646.0,32889.7,-25912.7,18378.7,30270.4
116,3623.8,1702.0,26.9,-4814.7,10288.6,-22955.0,19356.4,37702.7,-22289.1,18406.3,31972.1,-19005.9,29645.0,32888.0,-25912.9,18379.3,30270.2
117,3625.4,1701.9,27.5,-4813.4,10288.0,-22955.0,19357.2,37701.4,-22287.8,18405.7,31972.0,-19006.8,29645.2,32888.0,-25913.2,18378.2,30270.1
118,3624.1,1701.9,29.0,-4815.1,10288.7,-22954.8,19356.4,37703.0,-22288.3,18406.5,31972.6,-19005.6,29645.0,32887.8,-25912.4,18377.6,30270.7
119,3625.5,1702.0,29.3,-4813.5,10287.6,-22954.7,19358.2,37702.2,-22287.4,18406.5,31972.8,-19006.5,29645.7,32888.7,-25912.8,18377.2,30270.8
120,3624.4,1701.8,27.1,-4815.8,10289.0,-22955.2,19356.2,37703.1,-22288.7,18405.8,31972.3,-19006.3,29645.2,32887.3,-25913.0,18378.8,30270.6
121,3626.1,1701.9,26.0,-4814.3,10288.4,-22954.7,19356.6,37701.7,-22286.9,18405.6,31971.9,-19006.5,29645.0,32887.4,-25913.0,18379.6,30270.0
122,3624.9,1702.0,27.2,-4813.7,10289.3,-22954.0,19355.7,37702.9,-22287.0,18406.3,31972.7,-19004.1,29645.1,32889.2,-25911.9,18379.1,30270.6
123,3626.6,1702.4,28.6,-4810.3,10288.3,-22953.3,19357.9,37702.5,-22285.0,18406.9,31973.3,-19003.4,29646.2,32892.2,-25911.6,18378.3,30270.9
124,3625.2,1702.8,30.3,-4810.7,10288.6,-22953.2,19357.2,37704.3,-22286.1,18407.7,31974.1,-19002.2,29645.7,32893.6,-25911.3,18377.3,30271.3
125,3626.9,1702.7,32.6,-4810.6,10286.5,-22952.7,19359.2,37703.4,-22284.6,18407.3,31973.5,-19003.2,29645.7,32892.8,-25911.5,18374.7,30270.9
126,3626.1,1701.7,30.7,-4813.5,10287.5,-22952.6,19357.6,37703.1,-22284.7,18406.6,31972.7,-19002.9,29645.2,32889.6,-25910.8,18375.9,30270.9
127,3627.6,1701.5,28.9,-4812.7,10287.1,-22952.7,19358.5,37701.8,-22283.7,18406.2,31972.5,-19004.5,29645.7,32889.1,-25911.3,18377.2,30270.9
128,3625.9,1701.6,26.6,-4815.9,10288.5,-22952.6,19356.0,37703.2,-22285.2,18405.7,31972.1,-19003.9,29644.5,32887.3,-25911.1,18379.1,30270.4
129,3626.9,1701.7,27.2,-4815.4,10288.2,-22952.6,19357.4,37703.0,-22284.8,18406.4,31972.2,-19005.1,29645.6,32887.6,-25911.7,18379.2,30270.5
130,3625.1,1701.4,27.3,-4814.6,10289.4,-22953.7,19355.8,37702.9,-22286.9,18406.2,31972.2,-19005.1,29645.2,32888.3,-25912.0,18378.9,30270.8
131,3626.1,1702.0,26.5,-4811.9,10288.8,-22954.2,19357.1,37702.1,-22286.8,18405.8,31972.7,-19006.4,29645.9,32890.2,-25912.9,18379.3,30270.7
132,3624.8,1702.2,26.2,-4813.5,10289.9,-22954.7,19356.0,37703.3,-22287.9,18406.1,31973.1,-19005.6,29645.9,32889.8,-25912.7,18379.9,30270.9
133,3626.7,1702.3,26.0,-4812.3,10288.0,-22954.8,19357.6,37701.9,-22286.6,18406.0,31972.6,-19006.3,29645.6,32889.6,-25913.3,18380.0,30270.3
134,3625.9,1702.5,27.9,-4812.3,10288.5,-22953.8,19356.3,37702.6,-22285.9,18406.4,31972.6,-19002.9,29644.8,32890.3,-25911.8,18378.4,30270.1
135,3627.8,1703.2,27.4,-4807.5,10287.7,-22952.4,19358.4,37702.4,-22283.0,18407.5,31974.0,-19001.0,29646.1,32894.8,-25910.8,18380.0,30270.8
136,3626.6,1703.3,28.1,-4806.3,10288.9,-22952.6,19357.5,37704.1,-22283.9,18408.6,31975.1,-18999.1,29646.5,32897.8,-25910.5,18380.5,30271.8
137,3628.4,1703.7,30.6,-4803.0,10289.2,-22952.6,19358.7,37703.5,-22282.7,18408.9,31975.8,-18999.4,29647.8,32900.4,-25911.1,18378.3,30272.2
138,3627.3,1703.7,31.0,-4804.2,10289.8,-22951.9,19357.3,37704.3,-22282.4,18409.2,31975.7,-18996.9,29647.2,32900.1,-25909.8,18378.2,30272.0
139,3628.6,1703.8,31.1,-4802.2,10288.6,-22950.7,19359.2,37703.5,-22280.3,18409.5,31975.8,-18996.1,29647.8,32901.4,-25908.9,18378.4,30272.0
140,3627.0,1703.5,30.0,-4801.8,10288.6,-22950.4,19358.5,37704.3,-22280.9,18409.2,31975.9,-18994.2,29647.1,32902.5,-25907.9,18379.2,30272.3
141,3628.5,1703.8,28.4,-4797.3,10288.0,-22950.5,19359.0,37703.3,-22280.0,18407.8,31975.7,-18993.9,29647.0,32906.0,-25908.5,18379.5,30272.0
142,3626.7,1703.8,29.7,-4793.5,10289.4,-22951.5,19358.5,37705.1,-22282.3,18409.0,31976.9,-18992.1,29647.9,32911.6,-25909.0,18379.3,30273.1
143,3628.1,1703.9,30.5,-4788.0,10288.6,-22951.6,19359.9,37704.6,-22281.7,18408.9,31977.4,-18991.7,29648.5,32916.6,-25909.7,18378.4,30273.4
144,3626.9,1704.0,30.3,-4787.1,10289.6,-22951.4,19358.0,37705.6,-22282.4,18408.9,31977.5,-18989.7,29647.6,32918.4,-25909.3,18378.6,30273.4
145,3628.3,1704.2,30.2,-4782.8,10289.5,-22951.4,19358.8,37704.7,-22281.6,18408.8,31977.3,-18990.0,29648.3,32921.9,-25910.0,18378.7,30273.2
146,3626.8,1705.0,31.0,-4768.1,10290.7,-22951.6,19357.8,37706.1,-22283.1,18409.7,31979.0,-18984.1,29648.5,32938.1,-25909.9,18378.8,30274.0
147,3627.6,1707.1,30.9,-4745.5,10289.9,-22950.8,19360.3,37706.1,-22281.9,18410.6,31982.2,-18977.9,29650.3,32960.6,-25909.5,18379.8,30275.1
148,3624.4,1706.0,29.7,-4745.0,10290.6,-22950.7,19358.6,37705.6,-22283.4,18409.3,31980.8,-18974.1,29649.3,32960.6,-25907.8,18379.6,30274.8
149,3624.6,1703.0,28.0,-4755.9,10291.0,-22951.7,19359.0,37704.2,-22283.7,18407.6,31977.5,-18985.9,29650.0,32948.3,-25908.3,18379.6,30274.4
150,3627.6,1700.2,28.0,-4690.3,10293.6,-22953.0,19357.5,37705.3,-22283.5,18407.8,31975.9,-18972.6,29651.1,33015.1,-25911.1,18379.8,30275.7
151,3635.9,1699.9,28.1,-4597.1,10294.2,-22951.2,19359.6,37705.0,-22278.4,18408.6,31976.7,-18932.6,29653.8,33107.9,-25914.3,18380.4,30276.9
152,3636.2,1702.7,30.0,-4575.7,10295.1,-22949.5,19358.6,37707.1,-22277.4,18410.6,31980.3,-18915.6,29653.7,33131.4,-25913.6,18380.6,30277.6
153,3637.1,1707.3,30.2,-4572.4,10292.1,-22948.6,19359.6,37705.2,-22275.8,18411.9,31983.4,-18905.6,29651.7,33132.8,-25913.0,18381.7,30276.1
154,3633.8,1709.0,31.5,-4581.0,10292.0,-22948.5,19358.0,37706.1,-22277.9,18411.8,31984.5,-18901.4,29650.1,33125.2,-25911.8,18380.3,30275.4
155,3635.2,1709.4,31.0,-4576.9,10292.1,-22948.2,19359.7,37706.3,-22276.3,18411.9,31986.0,-18900.8,29651.9,33129.3,-25911.5,18380.9,30276.6
156,3634.7,1711.6,29.0,-4573.9,10292.1,-22948.6,19361.2,37708.6,-22277.0,18411.4,31989.8,-18900.0,29653.3,33134.6,-25911.7,18382.4,30278.2
157,3638.7,1716.2,25.5,-4573.0,10289.5,-22948.5,19364.8,37708.0,-22273.7,18407.7,31994.6,-18901.0,29654.4,33135.0,-25912.5,18382.2,30278.4
158,3638.9,1713.2,26.3,-4572.7,10290.1,-22948.3,19363.6,37708.0,-22273.0,18406.9,31991.2,-18901.0,29653.7,33135.3,-25911.9,18380.7,30278.0
159,3637.8,1702.3,28.9,-4567.3,10289.7,-22948.2,19364.3,37706.5,-22274.3,18409.1,31980.3,-18901.8,29653.9,33139.1,-25912.1,18380.2,30278.0
160,3629.2,1689.7,29.3,-4565.8,10292.1,-22948.0,19362.2,37708.1,-22282.3,18411.7,31968.1,-18900.1,29654.3,33142.3,-25911.5,18382.5,30278.5
161,3618.7,1688.0,32.5,-4566.9,10291.5,-22948.0,19362.9,37706.9,-22292.9,18412.1,31965.7,-18902.5,29654.5,33139.9,-25911.6,18379.6,30277.6
162,3611.6,1693.5,31.6,-4566.7,10293.7,-22949.1,19360.4,37706.5,-22300.2,18411.0,31970.8,-18905.9,29654.1,33139.8,-25911.8,18379.4,30277.3
163,3614.0,1694.0,29.2,-4565.6,10295.7,-22949.5,19359.8,37704.6,-22298.2,18409.3,31971.3,-18911.6,29655.6,33139.0,-25912.2,18380.1,30277.2
164,3612.7,1692.3,26.9,-4576.2,10297.7,-22949.4,19356.5,37704.1,-22298.6,18405.9,31968.5,-18915.5,29654.2,33127.9,-25911.2,18379.1,30276.2
165,3611.4,1690.0,25.9,-4580.1,10297.6,-22948.5,19357.3,37702.9,-22299.1,18404.6,31966.2,-18918.1,29654.9,33122.8,-25910.6,18378.8,30276.2
166,3608.6,1689.3,24.5,-4586.8,10298.8,-22948.6,19355.6,37703.9,-22301.9,18404.9,31965.6,-18919.6,29654.4,33117.1,-25910.5,18380.4,30276.3
167,3609.8,1689.0,23.4,-4591.6,10298.1,-22948.8,19357.0,37702.9,-22302.0,18403.8,31964.5,-18919.3,29655.1,33111.3,-25911.8,18380.4,30275.5
168,3610.1,1690.1,26.1,-4614.1,10297.6,-22947.7,19357.8,37704.8,-22302.3,18403.7,31965.1,-18910.6,29655.4,33090.7,-25912.5,18377.6,30275.0
169,3612.6,1691.8,26.5,-4623.9,10296.9,-22947.3,19360.4,37705.2,-22300.4,18405.2,31967.0,-18911.4,29657.3,33081.4,-25913.0,18378.7,30275.2
170,3611.9,1693.2,26.6,-4615.6,10297.7,-22948.4,19358.8,37706.1,-22301.7,18404.9,31968.4,-18909.1,29656.5,33090.5,-25913.7,18378.3,30275.1
171,3616.9,1697.0,29.3,-4603.0,10296.8,-22948.4,19358.8,37704.6,-22297.4,18406.7,31971.4,-18906.1,29655.7,33101.6,-25914.3,18377.4,30274.4
172,3620.4,1701.9,32.3,-4591.1,10297.2,-22948.0,19356.6,37705.5,-22293.1,18409.2,31975.7,-18899.5,29653.9,33114.4,-25913.4,18376.9,30273.8
173,3626.5,1706.5,32.5,-4575.3,10295.4,-22947.5,19357.9,37705.1,-22287.2,18410.9,31980.1,-18893.5,29653.4,33129.8,-25913.7,18378.4,30273.6
174,3628.5,1709.4,32.2,-4552.8,10295.3,-22948.0,19357.2,37706.3,-22285.2,18411.5,31983.3,-18883.3,29652.5,33153.5,-25913.7,18379.3,30273.9
175,3630.9,1709.8,32.4,-4530.5,10293.6,-22948.4,19359.6,37706.0,-22283.8,18411.6,31984.2,-18880.9,29653.2,33175.5,-25914.7,18379.2,30274.4
176,3630.4,1710.4,32.2,-4515.0,10294.2,-22948.8,19359.0,37707.3,-22284.5,18412.1,31984.9,-18878.1,29653.1,33192.2,-25914.9,18379.9,30274.5
177,3632.7,1710.7,34.0,-4510.2,10293.6,-22948.4,19359.7,37705.7,-22282.1,18412.0,31985.0,-18877.3,29653.2,33195.5,-25914.9,18378.1,30274.3
178,3631.8,1711.5,35.3,-4511.0,10293.9,-22948.1,19358.5,37706.9,-22282.3,18413.0,31986.0,-18875.3,29652.4,33195.9,-25914.2,18377.7,30274.6
179,3633.4,1711.7,33.4,-4508.6,10292.6,-22948.3,19360.5,37706.3,-22281.3,18413.9,31986.2,-18876.6,29653.1,33197.7,-25914.8,18380.4,30274.5
180,3632.5,1712.0,34.4,-4508.5,10292.8,-22948.3,19360.0,37707.5,-22281.9,18414.5,31986.7,-18875.6,29652.8,33198.9,-25914.4,18380.1,30274.7
181,3634.4,1712.5,35.1,-4506.1,10291.7,-22947.9,19361.2,37706.3,-22279.9,18414.3,31986.9,-18875.5,29652.9,33200.2,-25914.4,18379.3,30274.4
182,3632.9,1712.0,36.1,-4506.2,10293.2,-22948.2,19359.2,37706.9,-22281.3,18414.3,31986.4,-18875.0,29652.4,33200.7,-25914.1,18378.1,30274.4
183,3633.8,1711.7,36.3,-4502.8,10292.6,-22948.1,19360.8,37706.0,-22280.7,18414.1,31986.2,-18876.0,29653.4,33203.2,-25914.5,18377.8,30274.4
184,3631.8,1711.8,39.3,-4503.8,10292.4,-22948.0,19360.8,37708.0,-22282.2,18414.8,31987.2,-18874.2,29653.2,33204.2,-25914.0,18375.5,30275.4
185,3631.8,1709.1,35.5,-4506.7,10291.3,-22948.0,19359.7,37705.0,-22282.1,18412.0,31982.2,-18873.1,29651.0,33198.3,-25913.9,18376.6,30273.1
186,3629.5,1707.0,32.1,-4516.2,10292.7,-22948.2,19356.4,37705.3,-22283.9,18410.6,31979.1,-18871.1,29649.1,33189.2,-25913.4,18378.6,30272.1
187,3631.2,1706.7,30.4,-4523.4,10291.9,-22948.4,19357.4,37704.6,-22282.8,18410.3,31979.0,-18873.4,29649.3,33181.1,-25914.0,18379.9,30272.3
188,3630.1,1707.0,32.5,-4533.0,10293.2,-22948.7,19356.6,37706.4,-22283.6,18411.0,31980.4,-18874.3,29649.8,33173.4,-25913.8,18378.5,30273.4
189,3631.6,1706.8,34.7,-4544.8,10293.3,-22948.4,19357.6,37705.9,-22282.3,18411.4,31980.3,-18876.8,29650.9,33161.1,-25913.9,18376.7,30273.5
190,3630.0,1706.5,33.8,-4578.4,10293.2,-22948.6,19356.5,37706.3,-22283.6,18411.0,31979.7,-18880.2,29649.6,33127.9,-25913.6,18377.1,30273.2
191,3630.7,1704.6,33.0,-4619.7,10292.0,-22948.6,19357.1,37705.0,-22283.4,18410.0,31977.0,-18888.2,29649.2,33085.2,-25914.1,18376.9,30272.4
192,3632.9,1701.7,30.9,-4625.2,10292.6,-22947.6,19356.1,37705.5,-22280.1,18408.9,31973.8,-18891.1,29648.8,33080.3,-25913.0,18378.0,30272.1
193,3641.7,1709.2,31.5,-4613.7,10290.0,-22946.7,19361.0,37705.3,-22271.0,18409.7,31982.3,-18892.1,29651.0,33091.7,-25912.7,18378.2,30273.1
194,3638.6,1715.8,34.2,-4612.3,10291.3,-22947.1,19360.7,37707.2,-22274.4,18412.2,31989.9,-18889.8,29652.0,33094.9,-25913.0,18378.0,30274.2
195,3637.3,1714.3,34.2,-4612.1,10291.3,-22947.6,19361.1,37706.9,-22276.6,18412.9,31988.6,-18890.2,29652.4,33094.7,-25913.9,18378.8,30274.3
196,3633.7,1711.5,33.9,-4623.4,10291.8,-22948.3,19359.2,37707.7,-22280.1,18412.5,31985.7,-18889.8,29651.0,33084.3,-25913.7,18378.6,30274.3
197,3633.4,1709.9,33.3,-4630.8,10291.1,-22948.9,19359.7,37706.4,-22281.3,18411.4,31983.7,-18892.1,29650.8,33075.6,-25914.7,18378.1,30273.9
198,3632.1,1708.9,32.1,-4638.4,10291.6,-22949.5,19358.1,37707.9,-22283.1,18410.7,31982.2,-18893.4,29649.7,33069.5,-25915.2,18378.7,30273.2
199,3635.5,1708.5,32.0,-4644.1,10291.1,-22948.7,19358.3,37706.8,-22280.1,18410.2,31980.5,-18897.1,29649.4,33062.7,-25915.6,18378.2,30272.1
200,3634.8,1707.4,31.2,-4650.4,10292.7,-22949.4,19356.0,37705.7,-22280.9,18410.3,31979.4,-18898.8,29648.7,33055.3,-25915.6,18379.1,30272.0
201,3636.0,1706.0,31.7,-4653.4,10292.1,-22950.5,19356.7,37704.3,-22281.2,18409.1,31977.8,-18902.3,29648.8,33050.9,-25917.1,18377.5,30271.8
202,3634.7,1705.8,31.9,-4656.4,10291.9,-22950.5,19356.2,37705.1,-22281.9,18409.3,31977.6,-18902.0,29648.1,33048.7,-25916.5,18377.4,30271.9
203,3636.3,1706.1,31.7,-4654.0,10291.0,-22949.9,19357.5,37703.9,-22280.0,18409.7,31977.4,-18901.8,29648.4,33050.0,-25916.3,18378.0,30271.3
204,3635.1,1706.6,32.1,-4654.0,10291.4,-22950.1,19356.6,37705.2,-22281.1,18409.9,31977.9,-18900.2,29647.9,33051.2,-25916.2,18377.7,30271.3
205,3636.8,1706.9,31.6,-4651.6,10291.2,-22950.0,19358.0,37704.7,-22280.0,18410.3,31978.7,-18901.3,29649.2,33053.1,-25916.9,18378.7,30271.9
206,3635.3,1707.0,32.6,-4652.6,10292.1,-22950.2,19357.0,37706.0,-22281.4,18411.3,31979.6,-18900.8,29649.1,33053.4,-25916.7,18378.7,30272.5
207,3636.5,1707.0,32.2,-4651.4,10291.3,-22950.5,19358.3,37705.1,-22280.8,18410.6,31979.6,-18902.7,29649.6,33053.7,-25917.2,18378.4,30272.5
208,3635.1,1707.0,30.8,-4653.6,10292.2,-22950.9,19356.9,37706.1,-22282.0,18410.8,31979.6,-18902.2,29649.1,33052.5,-25917.1,18380.1,30272.6
209,3636.8,1707.1,30.4,-4652.0,10290.7,-22950.5,19358.4,37704.9,-22280.3,18410.1,31979.2,-18902.4,29649.1,33052.9,-25917.1,18379.7,30272.2
210,3635.3,1707.1,29.7,-4653.1,10291.0,-22950.6,19357.2,37705.4,-22281.5,18410.2,31979.1,-18901.7,29648.2,33052.4,-25916.8,18380.5,30272.0
211,3636.6,1707.2,30.7,-4651.5,10290.4,-22950.3,19359.1,37705.0,-22280.3,18410.3,31979.5,-18902.5,29649.6,33053.5,-25917.0,18379.6,30272.3
212,3635.2,1707.2,32.7,-4652.5,10291.7,-22950.2,19357.4,37706.0,-22281.3,18410.2,31979.6,-18901.2,29649.1,33053.4,-25916.5,18377.5,30272.4
213,3636.8,1707.2,31.7,-4650.8,10290.8,-22949.9,19358.6,37704.8,-22279.9,18409.9,31979.2,-18901.6,29649.3,33054.0,-25916.7,18378.3,30272.0
214,3635.3,1707.3,32.8,-4652.0,10291.2,-22950.5,19357.9,37706.5,-22281.5,18410.6,31980.1,-18901.3,29649.1,33054.5,-25916.8,18377.9,30272.8
215,3636.8,1707.2,31.8,-4650.2,10290.4,-22950.8,19359.3,37705.4,-22280.6,18410.6,31980.2,-18902.8,29649.7,33055.1,-25917.5,18378.8,30273.0
216,3635.9,1707.4,30.7,-4652.1,10290.9,-22950.6,19358.4,37705.8,-22281.0,18410.9,31980.1,-18902.8,29649.3,33053.7,-25917.0,18380.3,30272.7
217,3637.8,1707.2,29.9,-4651.5,10290.2,-22950.0,19359.4,37704.4,-22279.2,18410.5,31979.6,-18903.4,29649.6,33053.0,-25916.9,18380.5,30272.4
218,3635.1,1705.3,29.7,-4656.4,10290.7,-22950.7,19356.8,37704.4,-22281.7,18408.9,31976.6,-18901.3,29647.5,33048.0,-25916.8,18379.2,30271.3
219,3635.6,1704.6,28.3,-4657.4,10290.2,-22951.4,19357.6,37703.6,-22282.3,18408.3,31975.7,-18903.2,29647.8,33046.2,-25917.9,18380.0,30271.1
220,3634.2,1704.7,29.1,-4660.1,10291.3,-22951.1,19356.8,37705.2,-22283.2,18409.5,31976.3,-18902.9,29648.1,33045.0,-25917.4,18380.4,30271.6
221,3635.6,1704.9,28.2,-4658.8,10290.2,-22950.8,19358.7,37704.8,-22281.7,18409.2,31976.9,-18903.7,29649.0,33046.0,-25917.3,18381.0,30272.0
222,3634.1,1705.3,26.4,-4657.6,10292.0,-22951.6,19357.6,37706.3,-22283.4,18410.1,31978.4,-18903.3,29649.6,33048.7,-25917.5,18383.6,30273.1
223,3635.5,1705.3,26.7,-4657.4,10291.2,-22951.5,19358.0,37704.8,-22282.4,18409.5,31977.3,-18904.4,29649.2,33047.4,-25917.9,18382.8,30272.0
224,3634.3,1704.9,27.8,-4659.7,10291.1,-22951.3,19356.8,37705.7,-22283.1,18409.4,31977.1,-18903.8,29647.9,33046.0,-25917.4,18381.5,30272.2
225,3636.5,1705.2,28.5,-4657.2,10290.7,-22951.2,19358.9,37704.9,-22281.2,18409.6,31978.0,-18904.6,29649.6,33047.7,-25917.7,18381.0,30272.8
226,3635.0,1705.7,28.9,-4661.1,10292.9,-22951.5,19357.5,37706.7,-22282.4,18410.6,31979.2,-18905.6,29650.4,33045.6,-25917.5,18381.7,30273.5
227,3636.4,1706.1,28.8,-4662.6,10292.0,-22951.5,19359.1,37706.4,-22281.6,18411.3,31980.0,-18908.7,29651.0,33043.8,-25918.0,18382.5,30273.9
228,3635.2,1706.2,29.9,-4663.7,10292.0,-22951.1,19357.8,37706.3,-22281.9,18410.4,31979.4,-18906.9,29649.8,33042.6,-25917.1,18380.4,30273.2
229,3636.8,1706.3,30.8,-4663.6,10291.3,-22951.2,19360.3,37706.8,-22281.0,18411.2,31980.6,-18908.4,29651.6,33043.2,-25917.8,18380.4,30274.3
230,3634.9,1706.4,31.1,-4667.0,10292.0,-22951.7,19360.0,37708.5,-22282.9,18412.5,31981.6,-18908.9,29652.1,33041.5,-25917.8,18381.3,30275.2
231,3636.1,1706.4,30.6,-4666.2,10292.0,-22951.2,19360.8,37707.7,-22281.3,18412.0,31981.7,-18909.6,29652.8,33041.5,-25917.5,18381.4,30275.3
232,3634.6,1706.5,32.0,-4668.0,10292.7,-22951.3,19359.3,37708.8,-22282.7,18412.2,31981.7,-18909.2,29652.0,33040.8,-25917.3,18380.1,30275.2
233,3636.1,1706.3,32.6,-4666.0,10291.9,-22951.5,19361.2,37708.0,-22281.8,18413.1,31982.0,-18910.2,29653.2,33042.0,-25917.9,18380.5,30275.7
234,3634.7,1706.5,31.2,-4666.9,10292.9,-22951.6,19360.6,37709.9,-22282.8,18413.3,31983.2,-18909.2,29653.6,33043.0,-25917.5,18382.1,30276.8
235,3635.6,1706.4,30.5,-4667.2,10291.5,-22951.1,19362.0,37709.5,-22282.1,18413.0,31982.7,-18909.8,29653.5,33042.3,-25917.8,18382.5,30276.3
236,3630.1,1701.0,26.9,-4681.9,10292.0,-22951.8,19357.5,37709.1,-22287.3,18408.8,31974.6,-18907.0,29649.5,33027.2,-25917.4,18381.9,30273.6
237,3627.9,1695.3,22.8,-4692.1,10291.3,-22952.7,19355.7,37705.1,-22289.6,18404.4,31967.0,-18906.8,29647.0,33013.0,-25917.5,18381.6,30271.7
238,3627.7,1696.7,22.6,-4693.1,10292.2,-22952.7,19355.1,37706.4,-22289.5,18405.2,31969.0,-18907.3,29647.3,33013.3,-25917.3,18382.6,30272.3
239,3630.2,1698.1,20.9,-4691.1,10292.4,-22952.2,19355.9,37705.7,-22287.1,18405.3,31970.6,-18909.4,29648.3,33014.6,-25917.3,18384.4,30272.5
240,3628.6,1698.3,22.9,-4694.3,10293.2,-22952.0,19354.8,37706.2,-22288.2,18406.2,31970.9,-18909.9,29648.0,33011.9,-25916.8,18383.3,30272.5
241,3630.1,1698.3,24.0,-4693.4,10291.1,-22951.9,19356.5,37704.2,-22287.1,18405.7,31969.8,-18911.0,29647.6,33010.9,-25917.3,18381.8,30271.5
242,3626.9,1703.3,29.3,-4704.7,10290.3,-22949.7,19358.0,37717.1,-22291.1,18409.7,31974.9,-18910.7,29648.3,33012.3,-25918.0,18380.4,30271.6
243,3625.9,1709.4,35.6,-4714.4,10288.0,-22946.1,19362.7,37731.3,-22293.2,18415.1,31980.8,-18911.2,29650.6,33016.9,-25919.2,18379.5,30271.4
244,3629.0,1698.6,22.6,-4685.7,10291.3,-22951.9,19354.5,37704.7,-22287.8,18405.1,31968.7,-18907.1,29645.8,33019.0,-25916.8,18382.5,30270.1
245,3630.4,1697.0,20.7,-4683.6,10291.2,-22952.1,19354.2,37701.8,-22286.7,18403.3,31966.5,-18906.7,29645.4,33018.2,-25917.1,18382.6,30269.5
246,3629.5,1697.1,20.4,-4687.2,10292.5,-22952.2,19352.6,37702.4,-22287.3,18403.7,31966.6,-18907.3,29645.2,33015.2,-25916.8,18383.3,30269.5
247,3634.4,1700.6,22.9,-4684.5,10291.3,-22951.7,19356.2,37701.9,-22282.9,18405.8,31970.8,-18912.8,29647.5,33017.4,-25917.4,18382.9,30270.3
248,3640.0,1709.5,29.5,-4671.6,10290.9,-22950.6,19360.6,37705.3,-22277.1,18412.3,31982.8,-18917.1,29651.5,33033.8,-25917.1,18382.8,30273.3
249,3658.0,1729.2,43.2,-4619.1,10288.8,-22947.0,19373.6,37709.7,-22259.7,18427.2,32009.4,-18923.3,29662.4,33090.7,-25917.7,18384.1,30280.3
250,3679.2,1758.5,64.6,-4535.5,10287.7,-22943.7,19389.1,37717.7,-22239.8,18449.1,32048.8,-18928.9,29676.7,33182.2,-25919.1,18384.5,30290.3
251,3689.2,1770.7,72.8,-4487.9,10285.7,-22942.7,19397.2,37719.5,-22231.2,18457.5,32064.4,-18930.3,29682.9,33231.6,-25920.3,18384.7,30293.7
252,3688.5,1772.1,72.9,-4481.3,10286.0,-22942.9,19396.2,37721.3,-22231.9,18458.4,32065.9,-18928.9,29682.2,33240.0,-25920.5,18385.5,30293.8
253,3690.4,1772.8,74.0,-4478.2,10285.7,-22942.7,19397.6,37721.6,-22230.8,18459.5,32067.2,-18928.9,29683.3,33243.4,-25921.2,18385.5,30294.4
254,3689.5,1772.3,72.0,-4478.0,10286.6,-22942.8,19396.1,37721.1,-22231.1,18459.2,32066.8,-18927.0,29682.7,33243.1,-25920.5,18387.2,30294.5
255,3690.8,1772.3,74.1,-4476.4,10286.0,-22942.7,19397.1,37720.1,-22230.0,18459.0,32066.6,-18927.7,29683.1,33243.7,-25920.8,18384.9,30294.3
256,3689.2,1772.1,74.1,-4477.2,10286.7,-22943.1,19395.6,37720.7,-22231.6,18458.1,32066.1,-18927.0,29682.4,33243.4,-25920.7,18384.0,30293.9
257,3690.5,1772.1,73.7,-4475.5,10286.4,-22943.2,19396.7,37720.1,-22230.7,18457.5,32065.9,-18927.9,29683.1,33244.5,-25921.2,18383.8,30293.8
258,3689.3,1772.6,72.7,-4475.9,10287.5,-22943.4,19394.9,37721.2,-22231.6,18458.1,32066.8,-18926.7,29682.4,33245.3,-25920.9,18385.3,30294.2
259,3690.2,1771.9,69.8,-4479.5,10287.1,-22942.5,19394.8,37720.2,-22230.4,18457.5,32065.4,-18925.9,29681.8,33240.7,-25920.6,18387.7,30293.4
260,3677.3,1757.1,60.6,-4532.2,10287.8,-22943.5,19385.1,37716.4,-22241.4,18446.4,32044.3,-18923.6,29672.9,33184.2,-25918.7,18385.8,30287.2
261,3651.5,1721.5,38.2,-4639.2,10288.2,-22948.4,19366.8,37706.2,-22266.9,18419.2,31995.8,-18921.7,29655.0,33067.1,-25918.5,18381.0,30274.3
262,3641.8,1710.9,31.7,-4672.9,10290.2,-22950.0,19358.7,37705.2,-22276.6,18411.1,31981.7,-18920.1,29648.9,33032.3,-25918.4,18379.5,30270.8
263,3641.7,1709.3,29.9,-4676.0,10289.8,-22949.6,19359.6,37705.2,-22276.6,18410.3,31980.0,-18920.0,29649.4,33029.2,-25918.3,18380.5,30270.8
264,3640.9,1708.7,29.3,-4676.2,10290.8,-22949.3,19358.2,37704.6,-22276.4,18410.0,31979.8,-18918.5,29649.0,33028.4,-25917.3,18380.7,30271.1
265,3644.6,1711.8,30.6,-4669.9,10289.2,-22946.7,19361.9,37704.3,-22270.8,18412.2,31983.9,-18917.1,29651.1,33034.3,-25915.4,18381.5,30272.1
266,3643.3,1712.6,31.4,-4671.6,10290.7,-22944.5,19360.8,37705.3,-22269.3,18413.1,31985.4,-18913.3,29651.4,33033.7,-25912.6,18381.7,30272.8
267,3644.3,1712.6,30.4,-4673.2,10290.1,-22942.4,19361.5,37703.8,-22266.4,18412.8,31984.5,-18910.6,29651.6,33030.6,-25910.7,18382.4,30271.9
268,3643.5,1714.2,33.3,-4677.6,10290.9,-22941.3,19360.4,37704.5,-22266.2,18414.3,31985.9,-18906.0,29651.4,33026.9,-25909.7,18381.0,30271.7
269,3645.6,1717.0,36.5,-4677.0,10290.7,-22941.5,19362.4,37703.1,-22264.8,18416.0,31989.0,-18908.0,29653.1,33026.1,-25910.5,18379.4,30272.0
270,3638.2,1711.5,31.6,-4710.7,10291.6,-22943.3,19358.7,37702.4,-22272.6,18411.7,31981.5,-18913.8,29650.3,32991.7,-25910.7,18380.1,30270.0
271,3634.2,1708.4,30.7,-4729.8,10290.0,-22944.5,19359.3,37700.8,-22277.5,18409.5,31977.1,-18921.2,29649.3,32971.1,-25911.6,18378.9,30268.7
272,3627.9,1704.2,29.5,-4746.2,10291.2,-22946.5,19354.8,37700.6,-22284.6,18406.8,31971.3,-18922.6,29646.1,32954.4,-25912.5,18377.2,30267.1
273,3627.3,1701.7,27.5,-4750.4,10290.9,-22947.7,19354.8,37698.9,-22286.6,18405.0,31968.3,-18924.7,29645.7,32948.5,-25914.0,18377.5,30266.5
274,3621.9,1697.8,24.7,-4763.7,10292.2,-22949.8,19351.6,37700.3,-22293.1,18403.0,31963.4,-18924.5,29643.8,32936.5,-25915.1,18378.3,30265.6
275,3619.2,1695.0,22.0,-4770.0,10291.4,-22951.8,19351.4,37699.0,-22297.7,18400.4,31959.8,-18927.3,29642.8,32929.0,-25917.0,18378.4,30264.8
276,3616.0,1693.9,21.0,-4769.2,10292.3,-22952.9,19349.6,37698.0,-22301.1,18399.3,31958.7,-18927.8,29641.9,32928.9,-25917.1,18378.3,30264.8
277,3616.6,1696.0,19.8,-4761.0,10291.2,-22951.9,19352.4,37698.4,-22299.9,18400.5,31961.3,-18929.6,29643.6,32937.4,-25916.5,18380.7,30265.3
278,3614.6,1697.3,20.3,-4752.0,10291.7,-22952.7,19354.4,37700.8,-22302.6,18401.0,31964.9,-18934.7,29646.1,32948.7,-25917.2,18380.7,30267.6
279,3614.7,1696.7,20.6,-4748.1,10292.1,-22954.9,19356.2,37701.4,-22305.4,18400.5,31966.1,-18941.0,29648.3,32953.4,-25920.0,18379.9,30269.4
280,3615.7,1699.6,23.8,-4745.9,10293.4,-22955.3,19355.8,37703.8,-22304.5,18403.8,31970.6,-18940.8,29649.2,32957.9,-25920.2,18380.0,30271.0
281,3617.8,1700.5,23.1,-4742.1,10292.7,-22954.4,19357.3,37702.8,-22301.6,18404.5,31971.5,-18939.2,29650.0,32960.7,-25919.4,18381.4,30271.0
282,3616.2,1700.4,22.2,-4742.3,10292.9,-22954.3,19356.3,37703.4,-22302.3,18404.3,31971.3,-18936.5,29649.2,32961.1,-25918.5,18382.1,30270.9
283,3617.6,1700.6,22.0,-4741.3,10292.4,-22953.4,19357.1,37702.4,-22300.4,18404.4,31971.5,-18936.0,29649.4,32961.2,-25918.0,18382.4,30270.8
284,3615.8,1700.8,22.3,-4744.2,10293.1,-22952.9,19355.6,37702.9,-22301.1,18403.8,31971.0,-18934.1,29648.7,32958.7,-25916.9,18381.6,30270.2
285,3616.9,1700.6,24.0,-4745.3,10292.4,-22952.6,19356.2,37701.8,-22300.2,18403.9,31970.1,-18934.0,29648.6,32956.5,-25917.1,18379.9,30269.5
286,3614.4,1699.2,23.9,-4751.4,10292.4,-22953.4,19354.9,37702.9,-22302.6,18403.3,31968.8,-18932.0,29647.3,32951.5,-25917.0,18379.4,30269.6
287,3612.9,1696.8,20.3,-4756.1,10291.3,-22953.5,19354.9,37701.6,-22303.9,18401.6,31965.5,-18930.7,29646.2,32945.6,-25916.9,18381.4,30268.7
288,3610.5,1696.1,19.7,-4759.6,10293.0,-22953.7,19352.2,37702.2,-22305.9,18401.0,31964.3,-18928.6,29645.2,32942.6,-25916.4,18381.2,30268.2
289,3612.7,1696.3,20.2,-4757.6,10292.9,-22953.7,19353.3,37701.5,-22304.4,18400.7,31964.7,-18930.6,29646.2,32944.0,-25917.1,18380.5,30268.4
290,3612.1,1696.9,19.7,-4758.1,10293.7,-22953.9,19352.6,37702.4,-22305.0,18401.0,31965.6,-18930.8,29646.3,32944.2,-25917.1,18381.4,30268.8
291,3613.3,1696.4,20.5,-4758.1,10293.3,-22954.1,19354.1,37701.9,-22304.3,18400.6,31965.8,-18931.9,29647.3,32943.9,-25917.6,18380.1,30269.3
292,3610.7,1695.2,17.7,-4763.4,10294.0,-22954.2,19351.5,37702.6,-22306.1,18400.0,31964.0,-18929.4,29645.5,32939.2,-25916.9,18382.3,30268.8
293,3610.6,1694.4,16.8,-4766.6,10292.8,-22953.6,19351.6,37701.9,-22305.8,18399.3,31961.7,-18928.0,29644.4,32935.2,-25916.4,18382.6,30267.2
294,3608.3,1694.6,18.1,-4769.6,10292.9,-22953.6,19351.4,37703.8,-22307.8,18399.6,31961.9,-18927.2,29644.3,32934.2,-25916.1,18381.5,30267.3
295,3609.8,1693.1,19.0,-4767.8,10291.9,-22954.6,19352.9,37701.1,-22307.4,18398.5,31960.7,-18929.9,29644.7,32933.4,-25917.2,18379.4,30267.6
296,3609.1,1693.2,19.6,-4767.9,10292.9,-22955.0,19351.9,37701.4,-22308.4,18397.9,31961.1,-18930.9,29644.9,32933.6,-25917.5,18378.3,30267.9
297,3611.5,1693.6,18.0,-4765.2,10292.1,-22955.0,19353.7,37700.5,-22306.6,18398.1,31961.5,-18932.5,29645.8,32935.4,-25918.2,18380.1,30268.0
298,3610.4,1694.4,18.7,-4766.2,10292.1,-22954.6,19352.9,37701.8,-22307.0,18399.0,31962.3,-18930.8,29645.0,32935.7,-25917.4,18380.2,30267.9
299,3611.6,1694.2,19.1,-4764.4,10292.2,-22954.5,19353.5,37700.7,-22306.1,18399.0,31962.0,-18931.4,29645.7,32936.3,-25917.6,18379.9,30267.8
300,3610.4,1694.7,19.0,-4766.8,10294.4,-22954.3,19352.0,37703.1,-22307.0,18399.4,31963.1,-18930.7,29646.3,32936.3,-25917.4,18380.4,30268.4
301,3612.0,1695.1,19.7,-4765.6,10292.9,-22954.3,19353.3,37702.6,-22305.9,18399.4,31963.1,-18931.8,29646.2,32937.0,-25917.9,18379.7,30268.0
302,3609.8,1693.3,17.3,-4767.5,10293.8,-22955.5,19350.9,37701.3,-22308.2,18397.8,31961.2,-18931.4,29644.7,32933.8,-25918.0,18380.5,30267.9
303,3611.0,1692.9,16.8,-4766.2,10293.1,-22955.5,19352.6,37700.3,-22307.5,18397.7,31961.1,-18933.0,29645.6,32934.1,-25918.5,18380.9,30268.3
304,3610.0,1693.5,16.5,-4766.8,10293.5,-22955.7,19352.8,37702.1,-22308.5,18399.3,31962.8,-18932.7,29646.3,32935.4,-25918.4,18382.8,30269.3
305,3612.1,1693.9,17.9,-4764.4,10292.7,-22955.4,19354.3,37701.2,-22306.8,18399.2,31963.1,-18933.5,29646.9,32936.9,-25918.9,18381.3,30269.2
306,3611.1,1695.2,19.2,-4766.0,10292.7,-22954.7,19353.4,37703.1,-22306.6,18400.6,31963.8,-18931.0,29646.1,32937.2,-25917.7,18381.4,30268.6
307,3612.5,1696.3,19.8,-4765.7,10292.3,-22954.0,19354.2,37703.8,-22305.2,18401.9,31964.9,-18930.9,29646.5,32938.1,-25917.6,18382.1,30268.6
308,3611.3,1695.6,19.7,-4767.9,10293.4,-22954.3,19351.7,37703.3,-22305.6,18402.2,31964.1,-18929.2,29645.2,32935.4,-25916.9,18382.5,30268.5
309,3613.1,1696.1,20.7,-4767.4,10292.7,-22953.6,19353.3,37703.4,-22303.5,18403.3,31965.0,-18929.3,29646.0,32935.9,-25916.6,18382.6,30268.9
310,3613.5,1696.9,21.0,-4769.9,10292.8,-22953.1,19352.8,37704.3,-22302.3,18403.3,31965.7,-18928.7,29645.5,32934.4,-25915.8,18382.3,30268.8
311,3617.8,1696.9,21.1,-4771.8,10292.7,-22952.9,19353.5,37703.0,-22298.7,18403.2,31965.4,-18931.8,29646.2,32931.2,-25916.5,18382.1,30268.5
312,3618.5,1696.2,21.9,-4778.6,10293.8,-22953.2,19352.1,37704.0,-22298.3,18403.2,31965.3,-18932.9,29645.9,32925.4,-25916.8,18381.3,30269.1
313,3620.6,1695.9,20.3,-4778.8,10292.1,-22951.9,19354.7,37703.3,-22295.4,18403.4,31965.3,-18932.5,29646.9,32924.5,-25916.1,18383.1,30269.4
314,3619.1,1695.9,21.6,-4781.4,10292.5,-22951.2,19353.3,37704.2,-22295.6,18403.6,31965.0,-18930.5,29645.8,32922.8,-25914.8,18382.0,30269.1
315,3621.6,1696.7,23.5,-4778.1,10291.2,-22950.2,19354.9,37703.7,-22292.4,18404.0,31965.7,-18929.6,29646.1,32925.6,-25914.1,18380.5,30269.0
316,3621.2,1698.0,25.2,-4774.4,10292.5,-22949.1,19354.2,37705.7,-22291.4,18405.9,31968.0,-18925.7,29646.8,32931.3,-25912.6,18380.6,30270.0
317,3623.0,1698.0,24.8,-4769.4,10292.3,-22949.3,19356.5,37705.7,-22290.5,18406.9,31969.0,-18926.2,29648.8,32936.3,-25913.5,18382.1,30271.1
318,3622.2,1697.9,24.2,-4768.9,10291.5,-22949.7,19355.5,37705.2,-22291.6,18405.4,31968.0,-18925.0,29646.9,32936.3,-25913.8,18381.2,30270.1
319,3623.5,1698.3,23.1,-4766.3,10291.7,-22949.2,19356.0,37704.3,-22290.0,18405.4,31968.4,-18925.1,29647.6,32938.1,-25913.5,18382.4,30270.1
320,3622.0,1698.5,24.8,-4768.6,10292.7,-22948.5,19354.1,37706.0,-22290.4,18405.8,31968.3,-18923.2,29646.8,32937.4,-25912.4,18381.0,30269.8
321,3623.5,1698.8,23.8,-4767.1,10291.0,-22949.1,19356.6,37705.8,-22290.4,18406.4,31968.6,-18925.2,29647.6,32938.7,-25913.9,18382.6,30269.8
322,3622.3,1698.5,25.1,-4767.0,10293.1,-22950.0,19354.3,37705.3,-22291.6,18406.3,31968.7,-18925.4,29647.4,32938.4,-25913.9,18381.2,30270.2
323,3623.9,1698.3,27.2,-4765.9,10292.5,-22949.2,19355.4,37704.5,-22289.8,18406.5,31968.7,-18925.6,29648.0,32938.6,-25913.7,18379.3,30270.4
324,3622.6,1698.4,24.8,-4767.7,10292.9,-22948.5,19354.2,37705.8,-22289.9,18405.9,31968.7,-18923.7,29647.2,32938.2,-25912.5,18381.1,30270.3
325,3624.4,1698.6,23.7,-4765.3,10292.3,-22948.4,19355.4,37704.8,-22288.3,18405.6,31968.7,-18923.9,29647.7,32939.4,-25912.7,18381.8,30270.1
326,3623.1,1698.6,25.0,-4766.2,10293.1,-22949.1,19354.3,37705.5,-22289.8,18405.5,31968.8,-18923.6,29647.4,32939.3,-25912.9,18380.5,30270.2
327,3624.4,1698.8,24.2,-4764.2,10292.4,-22948.9,19355.8,37704.7,-22288.8,18406.0,31969.1,-18924.4,29648.1,32940.5,-25913.2,18381.8,30270.3
328,3622.8,1699.0,25.0,-4765.6,10292.3,-22948.9,19355.3,37705.7,-22290.0,18406.9,31969.2,-18923.4,29647.6,32940.1,-25912.8,18382.0,30270.2
329,3624.3,1699.0,23.1,-4764.1,10290.7,-22948.8,19356.7,37704.6,-22288.9,18406.4,31968.9,-18924.2,29647.4,32940.5,-25913.2,18383.2,30269.8
330,3622.9,1699.2,24.0,-4764.6,10292.2,-22949.5,19355.5,37706.1,-22290.6,18406.7,31970.0,-18924.2,29647.7,32941.5,-25913.6,18382.7,30270.8
331,3624.4,1699.3,26.1,-4763.1,10292.1,-22949.4,19356.0,37704.8,-22289.6,18406.4,31969.5,-18924.9,29648.0,32941.7,-25914.0,18380.4,30270.2
332,3623.0,1699.1,24.8,-4764.5,10292.2,-22949.5,19355.0,37705.7,-22290.8,18406.3,31969.5,-18924.1,29647.2,32941.2,-25913.7,18381.5,30270.4
333,3624.3,1699.0,22.4,-4762.3,10292.0,-22949.8,19356.4,37705.3,-22290.0,18406.6,31970.3,-18925.4,29648.4,32943.0,-25914.4,18384.2,30271.3
334,3623.2,1699.2,24.3,-4763.8,10292.9,-22949.8,19354.4,37705.6,-22291.0,18406.5,31969.8,-18924.3,29647.3,32941.8,-25914.1,18382.2,30270.5
335,3624.4,1699.1,24.5,-4762.6,10291.3,-22950.0,19355.5,37703.9,-22290.3,18405.8,31968.5,-18925.5,29646.8,32941.3,-25914.7,18381.3,30269.3
336,3622.9,1699.2,23.8,-4764.0,10292.5,-22950.4,19354.2,37705.2,-22291.4,18406.3,31968.9,-18924.6,29646.7,32941.2,-25914.4,18382.6,30269.8
337,3624.6,1699.3,25.8,-4761.8,10292.6,-22949.7,19355.5,37705.0,-22289.6,18407.0,31969.9,-18924.6,29648.1,32943.2,-25914.2,18381.1,30270.6
338,3623.3,1699.3,26.0,-4762.9,10292.4,-22949.9,19354.8,37705.4,-22290.6,18407.0,31969.8,-18923.9,29647.3,32942.4,-25913.9,18381.0,30270.5
339,3624.1,1700.2,25.6,-4762.8,10291.4,-22949.7,19356.5,37706.5,-22290.6,18407.6,31970.4,-18925.2,29647.9,32943.7,-25914.7,18381.9,30270.3
340,3620.9,1699.7,25.2,-4767.9,10292.3,-22949.4,19355.0,37709.8,-22293.7,18407.3,31969.9,-18924.0,29647.4,32941.8,-25914.6,18382.1,30270.1
341,3618.8,1694.4,18.6,-4774.3,10291.6,-22949.7,19353.6,37704.9,-22294.9,18402.5,31962.9,-18923.0,29645.3,32930.6,-25913.6,18383.8,30268.5
342,3615.6,1693.3,17.7,-4777.4,10292.5,-22949.6,19352.6,37706.2,-22297.2,18402.3,31962.5,-18922.0,29645.1,32928.8,-25912.7,18384.6,30269.2
343,3612.2,1688.3,15.3,-4787.6,10292.8,-22950.8,19350.3,37703.8,-22301.4,18398.7,31955.6,-18923.6,29643.1,32916.3,-25913.6,18383.4,30267.3
344,3609.2,1687.9,14.2,-4787.8,10292.7,-22950.2,19348.6,37704.1,-22302.7,18397.3,31954.4,-18921.0,29641.3,32916.3,-25912.0,18383.1,30266.4
345,3614.7,1690.6,16.1,-4777.7,10292.3,-22948.4,19350.9,37703.6,-22296.4,18398.9,31957.7,-18921.9,29643.2,32925.8,-25911.1,18382.7,30267.1
346,3619.1,1694.4,19.1,-4769.0,10292.6,-22947.3,19352.3,37705.2,-22291.0,18401.3,31963.3,-18922.6,29644.9,32936.2,-25910.1,18382.2,30269.0
347,3623.3,1697.1,19.5,-4759.6,10291.5,-22946.4,19355.7,37705.0,-22286.8,18403.4,31967.2,-18923.6,29647.1,32945.4,-25910.1,18383.9,30270.1
348,3623.8,1699.1,20.1,-4755.6,10292.2,-22945.7,19355.8,37706.5,-22285.6,18404.6,31969.8,-18922.8,29648.0,32950.9,-25909.3,18384.5,30270.7
349,3627.2,1700.9,22.2,-4749.0,10290.9,-22944.9,19358.0,37705.2,-22282.2,18404.7,31971.4,-18923.9,29648.8,32956.2,-25909.4,18382.4,30270.6
350,3627.7,1703.2,24.9,-4743.7,10291.0,-22945.2,19357.5,37706.0,-22281.7,18406.8,31974.0,-18924.5,29648.5,32962.3,-25909.4,18381.9,30270.8
351,3628.8,1703.3,25.1,-4738.8,10291.4,-22945.1,19358.7,37705.5,-22279.9,18408.4,31975.4,-18933.6,29650.0,32966.7,-25908.7,18383.3,30272.1
352,3613.0,1690.9,23.3,-4739.3,10299.3,-22946.3,19353.3,37705.8,-22284.7,18406.8,31971.9,-19017.6,29652.6,32966.6,-25897.7,18383.4,30281.1
353,3603.9,1682.7,23.3,-4737.3,10303.0,-22946.8,19352.7,37705.5,-22285.2,18406.7,31971.1,-19084.9,29655.7,32968.3,-25889.1,18383.4,30288.4
354,3602.2,1682.9,25.8,-4734.5,10304.2,-22946.1,19351.9,37707.8,-22285.6,18408.2,31973.0,-19084.3,29656.2,32973.3,-25887.8,18382.3,30290.1
355,3603.0,1682.7,25.3,-4733.2,10303.0,-22946.3,19353.3,37706.2,-22285.3,18407.8,31972.2,-19084.3,29656.3,32973.0,-25888.3,18382.5,30289.5
356,3601.0,1682.3,23.6,-4734.3,10303.6,-22946.9,19351.8,37706.7,-22287.6,18407.2,31971.5,-19082.5,29655.3,32972.4,-25888.6,18383.6,30289.2
357,3603.0,1682.5,24.1,-4730.8,10302.3,-22946.5,19353.5,37705.9,-22285.8,18407.5,31971.5,-19081.1,29655.7,32975.1,-25888.7,18383.4,30289.1
358,3601.7,1682.4,25.9,-4730.9,10302.6,-22946.9,19352.8,37706.7,-22287.1,18408.2,31971.6,-19079.9,29655.4,32975.8,-25888.8,18382.3,30289.2
359,3603.2,1682.6,26.3,-4728.7,10302.6,-22947.7,19353.4,37706.1,-22286.8,18408.1,31972.2,-19081.8,29656.0,32977.4,-25889.9,18381.8,30289.5
360,3602.6,1682.8,27.1,-4728.5,10304.7,-22947.4,19352.5,37708.0,-22286.8,18409.0,31973.8,-19080.7,29657.2,32979.5,-25889.5,18382.0,30291.0
361,3605.2,1684.0,26.9,-4723.9,10304.7,-22945.1,19355.8,37709.7,-22282.8,18411.1,31977.5,-19078.7,29660.4,32985.8,-25888.0,18384.2,30293.4
362,3604.0,1684.2,27.1,-4723.6,10305.0,-22944.9,19356.0,37711.4,-22283.4,18412.4,31978.7,-19077.6,29661.0,32987.7,-25887.4,18385.3,30294.5
363,3605.1,1684.7,27.0,-4723.1,10302.4,-22945.0,19357.3,37710.3,-22283.0,18411.9,31977.7,-19078.9,29659.8,32987.2,-25888.2,18384.9,30293.1
364,3603.3,1685.3,26.7,-4725.5,10303.3,-22945.1,19355.2,37711.2,-22284.8,18411.6,31977.5,-19078.5,29658.5,32985.7,-25888.1,18384.9,30292.3
365,3605.5,1684.7,25.5,-4722.4,10303.1,-22945.5,19356.2,37708.3,-22283.0,18410.6,31976.5,-19079.3,29659.3,32985.9,-25888.5,18385.2,30291.9
366,3603.8,1684.9,26.8,-4723.8,10303.7,-22946.3,19354.5,37709.3,-22285.0,18410.4,31976.7,-19079.3,29658.2,32985.5,-25888.7,18383.5,30291.7
367,3605.1,1685.1,28.9,-4721.9,10302.3,-22946.4,19356.0,37708.2,-22284.2,18410.6,31976.6,-19080.3,29658.2,32986.3,-25889.3,18381.7,30291.5
368,3603.7,1685.3,30.8,-4722.9,10303.5,-22946.9,19355.0,37709.7,-22285.7,18411.4,31977.4,-19080.0,29658.5,32986.7,-25889.4,18380.6,30292.1
369,3605.4,1685.4,29.3,-4720.9,10303.1,-22946.9,19356.0,37708.1,-22284.4,18410.7,31977.2,-19080.8,29659.1,32987.2,-25889.7,18381.4,30291.8
370,3603.7,1684.9,29.0,-4723.0,10303.5,-22946.8,19354.6,37708.6,-22285.6,18410.5,31976.4,-19079.9,29658.1,32985.6,-25889.3,18381.5,30291.5
371,3604.9,1684.6,26.2,-4722.3,10302.7,-22947.3,19355.2,37707.3,-22285.2,18410.2,31975.7,-19081.2,29657.9,32985.0,-25890.2,18384.0,30291.0
372,3603.5,1684.8,27.0,-4723.9,10304.0,-22947.9,19353.1,37707.8,-22286.7,18409.9,31975.3,-19080.9,29657.1,32983.9,-25890.2,18383.0,30290.6
373,3605.3,1684.7,25.9,-4722.5,10303.3,-22947.4,19354.4,37707.1,-22285.0,18410.1,31975.2,-19081.2,29657.7,32984.6,-25890.3,18384.2,30290.6
374,3603.8,1684.8,26.1,-4723.6,10302.8,-22947.3,19354.9,37709.1,-22286.1,18410.7,31976.3,-19080.6,29657.7,32985.5,-25889.9,18384.7,30291.5
375,3605.2,1685.3,27.3,-4721.7,10301.3,-22947.3,19357.1,37708.1,-22285.3,18410.9,31976.6,-19081.8,29658.4,32986.4,-25890.4,18383.5,30291.3
376,3603.7,1685.2,26.6,-4722.8,10303.2,-22947.8,19354.3,37708.2,-22286.5,18410.6,31976.2,-19081.0,29657.5,32985.5,-25890.2,18384.0,30291.0
377,3605.3,1685.1,26.3,-4721.3,10302.6,-22947.3,19355.2,37707.3,-22284.7,18410.6,31976.1,-19081.2,29657.8,32986.0,-25890.0,18384.3,30291.1
378,3603.9,1684.8,26.2,-4722.6,10303.7,-22947.0,19354.4,37708.8,-22285.6,18410.7,31976.7,-19080.3,29658.1,32986.2,-25889.4,18384.6,30291.9
379,3605.4,1685.0,25.9,-4721.2,10302.7,-22946.8,19355.7,37707.7,-22284.5,18410.4,31976.5,-19081.0,29658.4,32986.5,-25889.9,18384.5,30291.5
380,3603.9,1685.1,28.0,-4722.3,10303.9,-22946.7,19353.5,37708.6,-22285.6,18410.7,31976.5,-19080.2,29657.5,32986.3,-25889.5,18382.7,30291.5
381,3605.4,1685.4,29.7,-4720.4,10303.0,-22946.8,19355.1,37707.9,-22284.6,18411.3,31976.9,-19081.3,29658.1,32987.5,-25890.1,18381.6,30291.4
382,3604.1,1685.6,30.7,-4721.5,10303.8,-22946.8,19354.5,37709.3,-22285.5,18411.7,31977.2,-19079.8,29658.3,32987.8,-25889.6,18381.0,30291.6
383,3605.7,1686.1,29.3,-4719.1,10302.7,-22947.3,19355.8,37708.3,-22285.1,18410.9,31977.4,-19080.8,29658.4,32989.3,-25890.7,18381.6,30291.3
384,3604.1,1686.0,29.5,-4720.0,10302.4,-22950.3,19354.4,37708.4,-22289.4,18410.9,31976.8,-19083.2,29656.8,32988.4,-25893.5,18381.4,30290.8
385,3605.6,1686.0,29.3,-4718.6,10301.9,-22950.2,19356.2,37707.9,-22288.4,18411.5,31977.0,-19084.4,29658.1,32989.3,-25894.0,18382.2,30291.1
386,3604.5,1686.3,28.7,-4719.8,10303.3,-22948.6,19356.0,37710.0,-22287.0,18412.6,31978.8,-19081.6,29659.4,32990.3,-25891.5,18384.0,30292.5
387,3606.2,1685.8,28.2,-4718.5,10302.4,-22947.5,19356.8,37708.7,-22284.5,18412.0,31978.1,-19081.2,29659.3,32990.2,-25890.7,18383.7,30292.4
388,3604.6,1685.6,27.9,-4720.1,10303.6,-22947.5,19354.6,37709.0,-22285.6,18411.4,31977.5,-19080.5,29658.3,32988.9,-25890.2,18383.4,30291.9
389,3605.8,1685.4,28.9,-4719.5,10302.9,-22946.7,19356.1,37708.4,-22284.2,18411.4,31977.5,-19080.7,29659.0,32989.0,-25889.9,18382.6,30292.1
390,3603.9,1685.1,28.3,-4722.1,10304.3,-22946.9,19353.7,37709.1,-22285.9,18410.9,31976.8,-19080.1,29658.0,32987.0,-25889.8,18382.6,30291.7
391,3605.2,1684.8,27.5,-4721.1,10304.1,-22947.2,19353.8,37707.4,-22285.4,18410.2,31975.7,-19081.3,29657.9,32986.3,-25890.6,18382.8,30291.0
392,3603.4,1684.7,28.0,-4722.7,10304.8,-22947.1,19352.7,37708.8,-22286.4,18410.3,31976.0,-19080.4,29657.5,32986.1,-25889.8,18382.3,30291.3
393,3605.2,1684.8,28.5,-4720.8,10304.4,-22946.7,19354.9,37708.9,-22284.6,18411.2,31977.1,-19080.6,29659.2,32988.0,-25889.8,18382.7,30292.2
394,3603.9,1684.9,28.0,-4722.1,10304.5,-22946.8,19354.6,37710.2,-22285.8,18411.5,31977.8,-19079.9,29659.1,32988.2,-25889.7,18383.5,30292.8
395,3605.3,1685.1,27.2,-4720.9,10301.7,-22946.5,19356.5,37708.3,-22284.4,18410.6,31976.7,-19080.5,29658.3,32987.3,-25889.7,18383.3,30291.6
396,3603.8,1684.8,26.4,-4722.8,10302.4,-22947.0,19354.3,37708.3,-22285.7,18410.2,31975.5,-19079.8,29656.8,32985.5,-25889.6,18383.7,30290.7
397,3605.5,1684.7,27.4,-4720.8,10302.4,-22947.1,19355.3,37707.4,-22284.8,18410.5,31975.6,-19080.5,29657.6,32986.6,-25890.2,18383.1,30290.8
398,3603.9,1684.9,27.3,-4721.7,10303.4,-22947.0,19354.2,37709.0,-22285.9,18411.1,31976.4,-19079.6,29657.6,32987.3,-25889.7,18383.8,30291.4
399,3605.3,1684.9,26.3,-4720.3,10303.1,-22946.9,19355.4,37708.3,-22284.9,18410.5,31976.6,-19080.6,29658.5,32988.0,-25890.2,18384.2,30291.7
400,3603.6,1684.7,26.9,-4722.4,10303.5,-22946.8,19353.8,37708.3,-22285.9,18410.1,31975.6,-19079.6,29657.3,32985.9,-25889.4,18383.2,30290.9
401,3604.9,1684.5,26.7,-4721.5,10302.2,-22946.7,19355.4,37707.2,-22284.6,18410.3,31975.4,-19080.5,29657.6,32985.7,-25889.5,18383.6,30290.9
402,3603.4,1684.7,27.4,-4723.3,10303.6,-22947.0,19354.2,37708.6,-22286.0,18410.4,31976.0,-19080.3,29657.8,32985.3,-25889.4,18383.1,30291.2
403,3605.1,1684.7,28.5,-4722.0,10302.5,-22946.8,19355.8,37707.3,-22284.6,18409.7,31975.6,-19081.0,29658.3,32985.3,-25889.7,18381.2,30291.0
404,3603.5,1684.7,28.1,-4723.4,10303.2,-22946.9,19354.2,37708.2,-22285.8,18409.8,31975.7,-19080.0,29657.4,32984.8,-25889.3,18381.7,30291.0
405,3605.1,1685.2,27.8,-4720.7,10302.4,-22946.8,19355.3,37707.2,-22284.6,18409.9,31975.9,-19080.3,29657.7,32986.5,-25889.7,18382.1,30290.8
406,3604.0,1685.8,28.6,-4719.7,10303.7,-22946.9,19354.2,37708.9,-22285.5,18410.8,31977.2,-19079.2,29657.9,32989.1,-25889.5,18382.2,30291.4
407,3605.8,1686.2,28.4,-4717.4,10303.8,-22946.4,19355.3,37708.6,-22283.9,18411.6,31977.9,-19079.6,29659.1,32991.2,-25889.7,18383.2,30291.7
408,3604.1,1686.5,29.3,-4718.6,10303.9,-22946.9,19354.6,37709.7,-22285.6,18412.3,31978.3,-19079.3,29658.6,32991.2,-25889.7,18383.0,30291.7
409,3606.1,1686.2,28.7,-4717.2,10301.7,-22946.4,19356.6,37708.1,-22283.5,18411.7,31977.4,-19079.3,29658.3,32990.9,-25889.7,18383.0,30291.1
410,3604.7,1686.3,27.6,-4718.7,10303.0,-22945.5,19355.3,37709.4,-22283.5,18411.7,31977.7,-19077.2,29658.3,32990.7,-25888.3,18384.0,30291.4
411,3606.2,1686.2,26.5,-4716.7,10301.8,-22945.5,19356.9,37708.2,-22282.6,18411.2,31977.7,-19078.2,29658.7,32991.5,-25888.7,18384.8,30291.5
412,3604.8,1686.5,27.0,-4717.5,10302.1,-22946.4,19355.8,37708.9,-22284.4,18411.0,31977.8,-19078.3,29657.9,32991.4,-25889.1,18384.0,30291.3
413,3606.1,1686.4,28.0,-4716.1,10302.4,-22946.8,19356.2,37708.1,-22283.6,18411.4,31977.9,-19079.3,29658.6,32992.0,-25889.7,18383.5,30291.4
414,3604.6,1686.3,26.7,-4717.8,10304.1,-22946.8,19354.5,37709.4,-22284.7,18411.8,31978.1,-19078.4,29658.6,32991.6,-25889.4,18385.2,30291.8
415,3606.3,1686.4,26.5,-4716.1,10302.7,-22946.5,19356.6,37708.7,-22283.3,18412.2,31978.6,-19079.0,29659.3,32992.6,-25889.6,18385.7,30292.2
416,3604.7,1686.6,26.6,-4717.7,10303.7,-22946.4,19354.9,37709.4,-22284.4,18411.9,31978.5,-19078.1,29658.6,32991.8,-25889.1,18385.2,30291.9
417,3606.1,1686.8,28.1,-4715.9,10303.5,-22946.0,19356.6,37709.3,-22283.0,18412.1,31979.4,-19078.9,29660.0,32993.5,-25889.1,18384.0,30292.6
418,3604.6,1686.7,27.8,-4717.5,10303.4,-22945.8,19355.6,37709.9,-22283.7,18412.0,31979.1,-19077.8,29659.0,32992.4,-25888.3,18384.2,30292.3
419,3605.8,1686.6,28.4,-4715.4,10302.5,-22945.3,19357.4,37709.2,-22282.5,18412.3,31979.4,-19078.2,29659.9,32993.9,-25888.3,18383.8,30292.8
420,3604.7,1687.1,28.1,-4715.2,10303.5,-22944.9,19356.0,37710.8,-22282.9,18413.0,31980.3,-19076.3,29659.5,32995.6,-25887.6,18384.9,30293.3
421,3606.9,1687.3,27.2,-4710.9,10302.3,-22944.7,19357.3,37709.4,-22281.1,18412.7,31979.9,-19075.2,29659.6,32998.5,-25888.1,18385.5,30292.6
422,3605.4,1688.0,26.7,-4711.4,10303.2,-22944.7,19356.4,37711.5,-22282.7,18412.9,31980.6,-19073.1,29659.6,33000.1,-25888.1,18386.1,30292.6
423,3607.1,1688.7,29.1,-4709.2,10302.0,-22944.7,19357.6,37711.3,-22281.9,18412.5,31980.6,-19073.0,29659.6,33002.0,-25888.9,18383.3,30291.9
424,3605.9,1687.9,27.8,-4708.3,10302.4,-22946.2,19355.9,37709.9,-22283.6,18411.9,31979.5,-19072.9,29658.3,33001.6,-25889.5,18384.1,30291.6
425,3607.1,1686.8,26.2,-4707.8,10302.1,-22946.2,19356.9,37708.4,-22282.9,18411.2,31978.4,-19073.8,29659.0,33000.6,-25890.0,18385.0,30291.6
426,3604.8,1686.2,29.1,-4711.9,10303.1,-22946.1,19355.5,37710.1,-22284.8,18410.8,31977.9,-19073.1,29658.6,32998.2,-25889.6,18381.7,30291.7
427,3606.5,1686.8,29.1,-4711.6,10301.5,-22945.5,19357.8,37710.5,-22283.0,18410.8,31978.9,-19073.8,29659.4,32998.9,-25889.6,18381.7,30292.1
428,3605.3,1686.4,27.2,-4712.0,10302.7,-22945.8,19355.7,37709.5,-22283.7,18410.6,31978.3,-19073.3,29658.4,32997.5,-25888.9,18383.4,30291.9
429,3606.6,1687.1,28.5,-4710.6,10301.1,-22945.8,19357.1,37708.4,-22283.0,18410.6,31978.1,-19074.2,29658.2,32997.9,-25889.5,18382.2,30291.0
430,3605.0,1687.3,29.1,-4711.2,10302.5,-22947.7,19355.0,37709.1,-22286.2,18410.6,31978.3,-19075.3,29657.6,32997.9,-25891.2,18381.5,30290.9
431,3606.6,1687.2,28.7,-4708.8,10302.1,-22949.0,19356.7,37708.8,-22286.3,18411.3,31979.2,-19077.6,29658.9,33000.0,-25892.9,18382.5,30291.9
432,3605.0,1687.4,27.2,-4710.5,10301.8,-22948.8,19356.5,37709.9,-22287.3,18411.6,31979.3,-19076.7,29658.3,32999.4,-25892.3,18384.4,30291.9
433,3606.5,1687.4,26.9,-4709.4,10301.3,-22948.2,19357.1,37708.3,-22285.8,18410.7,31978.5,-19077.4,29658.4,32998.9,-25892.3,18383.7,30291.1
434,3604.7,1687.2,29.0,-4710.4,10303.2,-22947.9,19355.2,37709.2,-22286.4,18411.2,31978.8,-19076.3,29658.5,32998.7,-25891.1,18382.2,30291.6
435,3606.4,1687.4,29.6,-4709.6,10301.3,-22947.1,19357.0,37708.0,-22284.3,18410.8,31978.2,-19075.9,29658.3,32998.4,-25890.7,18381.2,30290.8
436,3605.1,1687.3,28.5,-4711.5,10301.8,-22947.4,19355.4,37708.7,-22285.6,18410.5,31977.7,-19075.1,29657.1,32997.1,-25890.6,18382.0,30290.4
437,3606.3,1687.6,28.8,-4710.7,10301.4,-22947.9,19356.1,37708.2,-22285.5,18410.8,31977.7,-19076.6,29657.4,32997.5,-25891.8,18382.0,30290.1
438,3604.5,1688.2,30.1,-4712.7,10302.0,-22947.8,19355.0,37709.9,-22287.0,18411.4,31978.2,-19076.0,29657.0,32997.2,-25891.6,18381.3,30290.0
439,3606.3,1687.7,27.9,-4710.1,10301.4,-22947.2,19356.6,37708.1,-22284.5,18410.8,31978.1,-19075.6,29658.0,32998.0,-25890.8,18382.9,30290.4
440,3605.0,1687.7,28.7,-4711.3,10303.1,-22946.9,19355.0,37709.3,-22285.1,18410.8,31978.6,-19074.3,29658.1,32998.0,-25890.1,18382.2,30290.9
441,3606.1,1687.7,29.5,-4709.9,10302.3,-22946.8,19355.9,37708.0,-22284.1,18410.7,31978.2,-19075.2,29658.2,32998.1,-25890.2,18381.1,30290.5
442,3604.3,1687.7,29.2,-4711.4,10302.6,-22947.2,19354.9,37708.8,-22285.9,18411.0,31978.1,-19075.1,29657.5,32997.5,-25890.2,18381.8,30290.4
443,3605.7,1687.6,30.5,-4709.8,10302.2,-22947.4,19355.7,37707.5,-22285.3,18411.0,31977.8,-19076.4,29657.9,32997.7,-25891.0,18380.4,30290.2
444,3604.2,1687.6,30.4,-4711.0,10302.5,-22947.1,19355.5,37708.9,-22286.2,18411.0,31978.4,-19075.5,29657.9,32997.9,-25890.4,18380.6,30290.8
445,3606.1,1687.7,29.5,-4709.5,10301.5,-22946.5,19356.7,37707.9,-22284.2,18411.1,31978.5,-19075.6,29658.2,32998.5,-25890.2,18381.6,30290.8
446,3605.1,1687.5,29.0,-4710.8,10302.4,-22946.7,19355.2,37708.6,-22285.1,18411.8,31978.4,-19075.0,29657.6,32997.8,-25890.1,18382.8,30291.0
447,3606.4,1687.4,27.7,-4709.3,10302.6,-22946.6,19356.0,37707.9,-22284.0,18411.6,31978.6,-19075.8,29658.6,32998.6,-25890.5,18383.9,30291.2
448,3604.4,1687.9,28.1,-4710.6,10304.3,-22946.9,19354.9,37710.0,-22285.8,18411.9,31979.8,-19075.5,29659.1,32999.4,-25890.3,18383.8,30291.9
449,3606.2,1687.7,28.1,-4709.6,10301.9,-22946.9,19356.1,37707.8,-22284.1,18411.0,31978.1,-19075.6,29658.0,32998.2,-25890.3,18382.9,30290.4
450,3604.5,1688.0,28.8,-4711.5,10302.9,-22946.7,19354.7,37709.2,-22285.4,18411.4,31978.3,-19074.7,29657.6,32997.7,-25889.9,18382.6,30290.3
451,3605.8,1688.2,27.7,-4711.2,10302.3,-22946.3,19355.6,37709.1,-22284.4,18411.8,31978.4,-19075.4,29657.9,32998.0,-25890.2,18384.1,30290.1
452,3604.8,1687.6,26.6,-4711.1,10302.6,-22946.7,19354.4,37708.4,-22285.1,18410.8,31977.8,-19074.7,29657.0,32997.3,-25889.9,18384.1,30290.2
453,3606.5,1687.9,27.8,-4710.6,10302.1,-22946.4,19355.4,37708.0,-22283.7,18410.3,31977.7,-19075.2,29657.5,32997.4,-25890.2,18382.4,30289.8
454,3604.7,1688.6,30.4,-4713.7,10303.9,-22946.1,19353.3,37710.9,-22285.6,18411.8,31978.6,-19074.7,29657.1,32997.2,-25890.3,18381.4,30290.0
455,3605.7,1688.4,30.9,-4711.0,10302.9,-22946.3,19355.0,37709.4,-22284.7,18411.8,31978.7,-19075.9,29657.9,32998.4,-25890.4,18380.9,30290.3
456,3604.3,1687.9,29.4,-4710.6,10303.8,-22947.2,19353.8,37708.6,-22286.0,18411.3,31978.4,-19075.8,29657.6,32998.0,-25890.3,18381.9,30290.5
457,3606.1,1688.0,31.1,-4709.3,10302.9,-22947.4,19354.4,37707.1,-22284.6,18411.1,31977.7,-19076.5,29657.3,32997.7,-25890.8,18380.1,30289.7
458,3605.0,1688.0,30.1,-4710.8,10302.6,-22947.9,19353.5,37707.8,-22285.9,18411.1,31977.3,-19075.6,29656.1,32997.0,-25890.8,18381.0,30289.3
459,3606.6,1688.2,30.4,-4708.8,10301.7,-22947.7,19356.1,37707.6,-22284.7,18411.0,31978.3,-19076.4,29657.8,32998.7,-25891.3,18380.6,30290.1
460,3605.3,1688.2,31.0,-4710.6,10302.4,-22947.0,19354.9,37708.7,-22285.1,18411.1,31978.4,-19075.0,29657.3,32998.1,-25890.3,18380.1,30290.2
461,3606.7,1687.9,30.3,-4709.5,10301.0,-22947.3,19356.2,37707.3,-22284.3,18411.2,31977.6,-19076.0,29657.2,32997.8,-25891.1,18380.9,30289.7
462,3605.1,1687.8,30.4,-4710.6,10303.1,-22947.8,19353.9,37707.9,-22286.0,18411.2,31977.5,-19075.7,29657.0,32997.3,-25891.1,18380.8,30289.6
463,3606.4,1688.1,30.0,-4709.2,10302.2,-22947.9,19355.8,37707.9,-22285.3,18411.6,31978.3,-19076.9,29658.0,32998.7,-25891.7,18381.6,30290.2
464,3605.1,1687.9,29.3,-4710.7,10302.9,-22947.7,19354.3,37708.6,-22285.8,18411.3,31978.3,-19075.5,29657.2,32997.9,-25890.9,18381.9,30290.4
465,3606.8,1687.9,29.8,-4709.2,10302.5,-22947.3,19355.1,37707.1,-22284.1,18411.1,31977.7,-19075.6,29657.6,32997.9,-25890.9,18381.3,30289.8
466,3605.2,1688.2,30.5,-4710.7,10302.8,-22947.9,19353.9,37707.7,-22285.9,18410.9,31977.4,-19075.6,29656.8,32997.0,-25891.0,18380.5,30289.3
467,3606.6,1688.1,29.1,-4709.3,10301.8,-22948.1,19355.0,37706.8,-22285.2,18410.4,31977.4,-19076.8,29656.8,32997.5,-25891.8,18381.3,30289.3
468,3604.9,1687.9,29.6,-4710.3,10302.9,-22948.2,19354.2,37707.9,-22286.4,18410.8,31977.9,-19076.1,29657.1,32997.5,-25891.4,18381.3,30290.0
469,3606.4,1687.9,28.0,-4708.9,10301.6,-22948.0,19356.2,37707.2,-22285.4,18410.8,31977.8,-19077.1,29657.7,32998.2,-25891.8,18382.9,30289.9
470,3604.8,1688.1,26.2,-4710.9,10301.8,-22948.1,19354.4,37708.0,-22286.7,18410.1,31977.5,-19076.4,29656.2,32997.1,-25891.5,18383.9,30289.4
471,3606.3,1688.1,27.1,-4708.8,10302.1,-22948.2,19355.1,37706.9,-22285.6,18410.3,31977.5,-19077.1,29657.2,32998.2,-25891.9,18383.3,30289.4
472,3605.0,1688.2,28.8,-4710.1,10302.4,-22948.6,19355.1,37708.5,-22287.0,18411.3,31978.4,-19076.6,29657.5,32998.5,-25892.0,18382.5,30290.1
473,3606.6,1688.4,28.3,-4709.0,10301.5,-22948.4,19355.9,37707.9,-22285.7,18411.1,31978.3,-19077.1,29657.4,32998.9,-25892.3,18382.9,30289.9
474,3605.4,1688.3,29.5,-4710.5,10302.8,-22948.4,19354.0,37708.2,-22286.3,18411.4,31978.1,-19076.3,29656.7,32997.7,-25891.7,18381.9,30289.8
475,3606.6,1688.6,29.2,-4708.9,10301.6,-22948.7,19355.9,37707.2,-22286.0,18411.2,31978.2,-19077.8,29657.5,32998.2,-25892.5,18381.9,30289.6
476,3604.8,1688.9,31.1,-4711.1,10302.0,-22948.8,19355.1,37709.2,-22287.7,18411.6,31978.7,-19077.0,29657.1,32998.0,-25892.5,18380.5,30289.8
477,3606.4,1689.0,30.4,-4710.3,10300.7,-22948.2,19356.6,37708.7,-22286.1,18411.1,31978.4,-19077.3,29657.3,32998.5,-25892.5,18380.7,30289.4
